  0.000000E+00        6.860425E-07
  1.000000E-01        1.335154E-06
  2.000000E-01        1.335678E-06
  3.000000E-01        1.336203E-06
  4.000000E-01        1.336730E-06
  5.000000E-01        1.337260E-06
  1.000000E+00        1.339955E-06
  2.000000E+00        1.346028E-06
  3.000000E+00        1.356361E-06
  4.000000E+00        1.388175E-06
  5.000000E+00        1.517500E-06
  5.500000E+00        1.671040E-06
  6.000000E+00        1.922217E-06
  6.500000E+00        2.316267E-06
  7.000000E+00        2.901272E-06
  8.000000E+00        4.752547E-06
  9.000000E+00        7.512352E-06
  1.000000E+01        1.120023E-05
  1.100000E+01        1.573872E-05
  1.200000E+01        2.109907E-05
  1.300000E+01        2.726601E-05
  1.400000E+01        3.422316E-05
  1.500000E+01        4.195487E-05
  1.600000E+01        5.044639E-05
  1.700000E+01        5.968250E-05
  1.800000E+01        6.964613E-05
  1.900000E+01        8.031693E-05
  2.000000E+01        9.167012E-05
  2.000000E+01        9.167012E-05
