   3229502.00000000        701.427356719970     
Aluminium foil                                                                                                          
   474019614   632036280
   3229502.00000000     
   2728654.00000000        299544.000000000        201304.000000000        2728654.00000000        299544.000000000        201304.000000000     
   42076.0000000000        13451.0000000000        2867506.00000000        29486.0000000000        9815.00000000000        7039.00000000000        0.00000000000000        0.00000000000000        0.00000000000000        43068.0000000000        13685.0000000000        6792182.00000000        29768.0000000000        9899.00000000000        7073.00000000000        0.00000000000000        0.00000000000000        0.00000000000000     
   74246.0893689977        14468.0144178984        14994.5745140006        2288.24900283021        799.525371332458        1178.93543227632     
   2044523.90991527       -209142.430216247        1644513.15291656        160109.217444243     
   1810929.96301836        718293.175816559        1479621.79887136        1753971.17457396     
   1037524583846.01        82428794572.7061       4.049100170834469E+017  2.548869240555076E+016
   105016194.000000        49410349.0000000        35577680.0000000        184391.000000000        0.00000000000000        0.00000000000000        18168482.0000000        0.00000000000000        9148937568.00000        3373242101.00000        617181950.000000        199383.000000000        0.00000000000000        0.00000000000000        248150714.000000        0.00000000000000     
   0.00000000000000        0.00000000000000        0.00000000000000        0.00000000000000        0.00000000000000        0.00000000000000        0.00000000000000        0.00000000000000        0.00000000000000        201751.000000000        981743.000000000        519118.000000000        282736.000000000        171025.000000000        113009.000000000        79603.0000000000        59023.0000000000        46150.0000000000        36971.0000000000        30337.0000000000        25573.0000000000        21842.0000000000        19067.0000000000        16682.0000000000        14944.0000000000        13224.0000000000        12067.0000000000        10789.0000000000        9591.00000000000        8676.00000000000        7841.00000000000        7118.00000000000        6333.00000000000        5772.00000000000        4973.00000000000        4386.00000000000        3858.00000000000        3284.00000000000        2670.00000000000        2295.00000000000        1798.00000000000        1407.00000000000        1033.00000000000        766.000000000000        524.000000000000        302.000000000000        193.000000000000        97.0000000000000        52.0000000000000        21.0000000000000        8.00000000000000        1.00000000000000        1.00000000000000        0.00000000000000        0.00000000000000        0.00000000000000        0.00000000000000        0.00000000000000        0.00000000000000        0.00000000000000        0.00000000000000        0.00000000000000        0.00000000000000        0.00000000000000        0.00000000000000        0.00000000000000        0.00000000000000        0.00000000000000        0.00000000000000        0.00000000000000        0.00000000000000        0.00000000000000        0.00000000000000        0.00000000000000        0.00000000000000        0.00000000000000        0.00000000000000        0.00000000000000        0.00000000000000        0.00000000000000        0.00000000000000        0.00000000000000        0.00000000000000        0.00000000000000        0.00000000000000        0.00000000000000        0.00000000000000        0.00000000000000        0.00000000000000        0.00000000000000        0.00000000000000        0.00000000000000        0.00000000000000        0.00000000000000        0.00000000000000        0.00000000000000        0.00000000000000        0.00000000000000        0.00000000000000        0.00000000000000        1070.00000000000        1295.00000000000        1479.00000000000        1742.00000000000        2005.00000000000        2252.00000000000        2679.00000000000        3072.00000000000        3492.00000000000        4221.00000000000        4730.00000000000        5409.00000000000        6164.00000000000        6907.00000000000        7677.00000000000        8525.00000000000        9546.00000000000        10335.0000000000        11192.0000000000        11787.0000000000        12508.0000000000        12981.0000000000        13298.0000000000        13612.0000000000        13853.0000000000        13399.0000000000        13148.0000000000        12602.0000000000        11640.0000000000        10810.0000000000        10087.0000000000        8877.00000000000        7886.00000000000        7028.00000000000        6128.00000000000        5276.00000000000        4503.00000000000        3807.00000000000        3126.00000000000        2651.00000000000        2025.00000000000        1546.00000000000        1147.00000000000        793.000000000000        527.000000000000        340.000000000000        174.000000000000        108.000000000000        57.0000000000000        15.0000000000000        6.00000000000000        5.00000000000000        2.00000000000000        0.00000000000000        0.00000000000000        0.00000000000000        0.00000000000000        0.00000000000000        0.00000000000000        0.00000000000000        0.00000000000000        0.00000000000000        0.00000000000000        0.00000000000000        0.00000000000000        0.00000000000000        0.00000000000000        0.00000000000000        0.00000000000000        0.00000000000000        0.00000000000000        0.00000000000000        0.00000000000000        0.00000000000000        0.00000000000000        0.00000000000000        0.00000000000000        0.00000000000000        0.00000000000000        0.00000000000000        0.00000000000000        0.00000000000000        0.00000000000000        0.00000000000000        0.00000000000000        0.00000000000000        0.00000000000000        0.00000000000000        0.00000000000000        0.00000000000000        0.00000000000000        0.00000000000000        0.00000000000000        0.00000000000000        0.00000000000000        0.00000000000000        0.00000000000000        0.00000000000000        0.00000000000000        0.00000000000000        4.00000000000000        14.0000000000000        33.0000000000000        38.0000000000000        43.0000000000000        48.0000000000000        85.0000000000000        104.000000000000        122.000000000000        159.000000000000        243.000000000000        321.000000000000        435.000000000000        568.000000000000        805.000000000000        1069.00000000000        1387.00000000000        1773.00000000000        2043.00000000000        2283.00000000000        2715.00000000000        2763.00000000000        3078.00000000000        3206.00000000000        3371.00000000000        3603.00000000000        3840.00000000000        4171.00000000000        4403.00000000000        4825.00000000000        5274.00000000000        5893.00000000000        6345.00000000000        6958.00000000000        7697.00000000000        8334.00000000000        9016.00000000000        9814.00000000000        10440.0000000000        10924.0000000000        11387.0000000000        11213.0000000000        11079.0000000000        10140.0000000000        8825.00000000000        7164.00000000000        5184.00000000000        3700.00000000000        2259.00000000000        1227.00000000000        537.000000000000        240.000000000000        76.0000000000000        19.0000000000000        6.00000000000000        1.00000000000000        0.00000000000000        0.00000000000000        0.00000000000000        0.00000000000000        0.00000000000000        0.00000000000000        0.00000000000000        0.00000000000000        0.00000000000000        0.00000000000000        0.00000000000000        0.00000000000000        0.00000000000000        0.00000000000000        0.00000000000000        0.00000000000000        0.00000000000000        0.00000000000000        0.00000000000000        0.00000000000000        0.00000000000000        0.00000000000000        0.00000000000000        0.00000000000000        0.00000000000000        0.00000000000000        0.00000000000000        0.00000000000000        0.00000000000000        0.00000000000000        0.00000000000000        0.00000000000000        0.00000000000000        0.00000000000000        0.00000000000000        0.00000000000000        0.00000000000000        0.00000000000000        0.00000000000000        0.00000000000000        0.00000000000000        0.00000000000000        0.00000000000000        0.00000000000000        0.00000000000000        0.00000000000000        0.00000000000000        0.00000000000000        0.00000000000000        0.00000000000000        0.00000000000000        0.00000000000000        0.00000000000000        201751.000000000        981743.000000000        519118.000000000        282736.000000000        171025.000000000        113009.000000000        79603.0000000000        59023.0000000000        46150.0000000000        36971.0000000000        30337.0000000000        25573.0000000000        21842.0000000000        19067.0000000000        16682.0000000000        14944.0000000000        13224.0000000000        12067.0000000000        10789.0000000000        9591.00000000000        8676.00000000000        7841.00000000000        7118.00000000000        6333.00000000000        5772.00000000000        4973.00000000000        4386.00000000000        3858.00000000000        3284.00000000000        2670.00000000000        2295.00000000000        1798.00000000000        1407.00000000000        1033.00000000000        766.000000000000        524.000000000000        302.000000000000        193.000000000000        97.0000000000000        52.0000000000000        21.0000000000000        8.00000000000000        1.00000000000000        1.00000000000000        0.00000000000000        0.00000000000000        0.00000000000000        0.00000000000000        0.00000000000000        0.00000000000000        0.00000000000000        0.00000000000000        0.00000000000000        0.00000000000000        0.00000000000000        0.00000000000000        0.00000000000000        0.00000000000000        0.00000000000000        0.00000000000000        0.00000000000000        0.00000000000000        0.00000000000000        0.00000000000000        0.00000000000000        0.00000000000000        0.00000000000000        0.00000000000000        0.00000000000000        0.00000000000000        0.00000000000000        0.00000000000000        0.00000000000000        0.00000000000000        0.00000000000000        0.00000000000000        0.00000000000000        0.00000000000000        0.00000000000000        0.00000000000000        0.00000000000000        0.00000000000000        0.00000000000000        0.00000000000000        0.00000000000000        0.00000000000000        0.00000000000000        0.00000000000000        0.00000000000000        0.00000000000000        0.00000000000000        1070.00000000000        1295.00000000000        1479.00000000000        1742.00000000000        2005.00000000000        2252.00000000000        2679.00000000000        3072.00000000000        3492.00000000000        4221.00000000000        4730.00000000000        5409.00000000000        6164.00000000000        6907.00000000000        7677.00000000000        8525.00000000000        9546.00000000000        10335.0000000000        11192.0000000000        11787.0000000000        12508.0000000000        12981.0000000000        13298.0000000000        13612.0000000000        13853.0000000000        13399.0000000000        13148.0000000000        12602.0000000000        11640.0000000000        10810.0000000000        10087.0000000000        8877.00000000000        7886.00000000000        7028.00000000000        6128.00000000000        5276.00000000000        4503.00000000000        3807.00000000000        3126.00000000000        2651.00000000000        2025.00000000000        1546.00000000000        1147.00000000000        793.000000000000        527.000000000000        340.000000000000        174.000000000000        108.000000000000        57.0000000000000        15.0000000000000        6.00000000000000        5.00000000000000        2.00000000000000        0.00000000000000        0.00000000000000        0.00000000000000        0.00000000000000        0.00000000000000        0.00000000000000        0.00000000000000        0.00000000000000        0.00000000000000        0.00000000000000        0.00000000000000        0.00000000000000        0.00000000000000        0.00000000000000        0.00000000000000        0.00000000000000        0.00000000000000        0.00000000000000        0.00000000000000        0.00000000000000        0.00000000000000        0.00000000000000        0.00000000000000        0.00000000000000        0.00000000000000        0.00000000000000        0.00000000000000        0.00000000000000        0.00000000000000        0.00000000000000        0.00000000000000        0.00000000000000        0.00000000000000        0.00000000000000        0.00000000000000        0.00000000000000        0.00000000000000        0.00000000000000        0.00000000000000        0.00000000000000        0.00000000000000        0.00000000000000        0.00000000000000        0.00000000000000        0.00000000000000        0.00000000000000        0.00000000000000        4.00000000000000        14.0000000000000        33.0000000000000        38.0000000000000        43.0000000000000        48.0000000000000        85.0000000000000        104.000000000000        122.000000000000        159.000000000000        243.000000000000        321.000000000000        435.000000000000        568.000000000000        805.000000000000        1069.00000000000        1387.00000000000        1773.00000000000        2043.00000000000        2283.00000000000        2715.00000000000        2763.00000000000        3078.00000000000        3206.00000000000        3371.00000000000        3603.00000000000        3840.00000000000        4171.00000000000        4403.00000000000        4825.00000000000        5274.00000000000        5893.00000000000        6345.00000000000        6958.00000000000        7697.00000000000        8334.00000000000        9016.00000000000        9814.00000000000        10440.0000000000        10924.0000000000        11387.0000000000        11213.0000000000        11079.0000000000        10140.0000000000        8825.00000000000        7164.00000000000        5184.00000000000        3700.00000000000        2259.00000000000        1227.00000000000        537.000000000000        240.000000000000        76.0000000000000        19.0000000000000        6.00000000000000        1.00000000000000        0.00000000000000        0.00000000000000        0.00000000000000        0.00000000000000        0.00000000000000        0.00000000000000        0.00000000000000        0.00000000000000        0.00000000000000        0.00000000000000        0.00000000000000        0.00000000000000        0.00000000000000        0.00000000000000        0.00000000000000        0.00000000000000        0.00000000000000        0.00000000000000        0.00000000000000        0.00000000000000        0.00000000000000        0.00000000000000        0.00000000000000        0.00000000000000        0.00000000000000        0.00000000000000        0.00000000000000        0.00000000000000        0.00000000000000        0.00000000000000        0.00000000000000        0.00000000000000        0.00000000000000        0.00000000000000        0.00000000000000        0.00000000000000        0.00000000000000        0.00000000000000        0.00000000000000        0.00000000000000        0.00000000000000        0.00000000000000        0.00000000000000        0.00000000000000     
   5518.00000000000        16721.0000000000        27424.0000000000        37946.0000000000        48113.0000000000        57729.0000000000        66258.0000000000        74781.0000000000        81985.0000000000        88341.0000000000        94037.0000000000        99150.0000000000        102504.000000000        105691.000000000        107084.000000000        108452.000000000        108420.000000000        107968.000000000        106769.000000000        104431.000000000        102773.000000000        99421.0000000000        96184.0000000000        92376.0000000000        87665.0000000000        82805.0000000000        78898.0000000000        73231.0000000000        68104.0000000000        63147.0000000000        57859.0000000000        52304.0000000000        47075.0000000000        41645.0000000000        36797.0000000000        31948.0000000000        27118.0000000000        22878.0000000000        18324.0000000000        14513.0000000000        10892.0000000000        7569.00000000000        4706.00000000000        2493.00000000000        683.000000000000        130.000000000000        442.000000000000        843.000000000000        1337.00000000000        1994.00000000000        2648.00000000000        3151.00000000000        3983.00000000000        4564.00000000000        5345.00000000000        5964.00000000000        6821.00000000000        7343.00000000000        8077.00000000000        8795.00000000000        9387.00000000000        9859.00000000000        10271.0000000000        10879.0000000000        11085.0000000000        11112.0000000000        11494.0000000000        11691.0000000000        11741.0000000000        11560.0000000000        11747.0000000000        11618.0000000000        11323.0000000000        10900.0000000000        10742.0000000000        10198.0000000000        9877.00000000000        9313.00000000000        8690.00000000000        7856.00000000000        7494.00000000000        6686.00000000000        5962.00000000000        5260.00000000000        4387.00000000000        3764.00000000000        2926.00000000000        2024.00000000000        1291.00000000000        421.000000000000        55.0000000000000        118.000000000000        212.000000000000        297.000000000000        371.000000000000        436.000000000000        537.000000000000        607.000000000000        659.000000000000        707.000000000000        745.000000000000        884.000000000000        802.000000000000        837.000000000000        868.000000000000        877.000000000000        907.000000000000        915.000000000000        844.000000000000        894.000000000000        892.000000000000        899.000000000000        833.000000000000        882.000000000000        856.000000000000        822.000000000000        780.000000000000        790.000000000000        808.000000000000        706.000000000000        768.000000000000        736.000000000000        765.000000000000        705.000000000000        668.000000000000        653.000000000000        608.000000000000        571.000000000000        571.000000000000        557.000000000000        526.000000000000        463.000000000000        424.000000000000        371.000000000000        260.000000000000        198.000000000000        315.000000000000        327.000000000000        375.000000000000        352.000000000000        359.000000000000        379.000000000000        374.000000000000        368.000000000000        376.000000000000        369.000000000000        341.000000000000        319.000000000000        293.000000000000        321.000000000000        318.000000000000        286.000000000000        311.000000000000        283.000000000000        307.000000000000        269.000000000000        237.000000000000        221.000000000000        253.000000000000        194.000000000000        206.000000000000        191.000000000000        201.000000000000        169.000000000000        164.000000000000        145.000000000000        121.000000000000        133.000000000000        112.000000000000        108.000000000000        108.000000000000        79.0000000000000        68.0000000000000        70.0000000000000        68.0000000000000        51.0000000000000        33.0000000000000        22.0000000000000        17.0000000000000        4.00000000000000        0.00000000000000        0.00000000000000        0.00000000000000        0.00000000000000        0.00000000000000        0.00000000000000        0.00000000000000        0.00000000000000        0.00000000000000        0.00000000000000        0.00000000000000        0.00000000000000        0.00000000000000        0.00000000000000        0.00000000000000        0.00000000000000        0.00000000000000        0.00000000000000        0.00000000000000        0.00000000000000        0.00000000000000        0.00000000000000        0.00000000000000        0.00000000000000        0.00000000000000        0.00000000000000        0.00000000000000        0.00000000000000        0.00000000000000        0.00000000000000        0.00000000000000        0.00000000000000        0.00000000000000        0.00000000000000        0.00000000000000        0.00000000000000        0.00000000000000        0.00000000000000        0.00000000000000        0.00000000000000        0.00000000000000        0.00000000000000        0.00000000000000        0.00000000000000        0.00000000000000        0.00000000000000        0.00000000000000        0.00000000000000        0.00000000000000        0.00000000000000        0.00000000000000        0.00000000000000        0.00000000000000        0.00000000000000        0.00000000000000        0.00000000000000        0.00000000000000        0.00000000000000        0.00000000000000        0.00000000000000        0.00000000000000        0.00000000000000        0.00000000000000        0.00000000000000        0.00000000000000        0.00000000000000        0.00000000000000        0.00000000000000        0.00000000000000        0.00000000000000        0.00000000000000        0.00000000000000        0.00000000000000        0.00000000000000        0.00000000000000        0.00000000000000        0.00000000000000        0.00000000000000        0.00000000000000        0.00000000000000        0.00000000000000        0.00000000000000        0.00000000000000        0.00000000000000        0.00000000000000        0.00000000000000        0.00000000000000        0.00000000000000        0.00000000000000        0.00000000000000        5518.00000000000        16721.0000000000        27426.0000000000        37952.0000000000        48115.0000000000        57739.0000000000        66278.0000000000        74807.0000000000        82019.0000000000        88377.0000000000        94073.0000000000        99176.0000000000        102544.000000000        105745.000000000        107142.000000000        108514.000000000        108480.000000000        108056.000000000        106845.000000000        104515.000000000        102851.000000000        99519.0000000000        96262.0000000000        92466.0000000000        87777.0000000000        82889.0000000000        78956.0000000000        73313.0000000000        68164.0000000000        63211.0000000000        57941.0000000000        52360.0000000000        47103.0000000000        41681.0000000000        36825.0000000000        31966.0000000000        27138.0000000000        22904.0000000000        18338.0000000000        14515.0000000000        10896.0000000000        7569.00000000000        4710.00000000000        2493.00000000000        683.000000000000        130.000000000000        442.000000000000        843.000000000000        1339.00000000000        1994.00000000000        2648.00000000000        3151.00000000000        3983.00000000000        4566.00000000000        5345.00000000000        5972.00000000000        6829.00000000000        7343.00000000000        8077.00000000000        8803.00000000000        9391.00000000000        9871.00000000000        10279.0000000000        10883.0000000000        11097.0000000000        11120.0000000000        11504.0000000000        11703.0000000000        11755.0000000000        11562.0000000000        11763.0000000000        11634.0000000000        11329.0000000000        10906.0000000000        10748.0000000000        10206.0000000000        9887.00000000000        9317.00000000000        8698.00000000000        7856.00000000000        7498.00000000000        6688.00000000000        5962.00000000000        5262.00000000000        4387.00000000000        3764.00000000000        2928.00000000000        2024.00000000000        1291.00000000000        421.000000000000        55.0000000000000        118.000000000000        212.000000000000        297.000000000000        371.000000000000        436.000000000000        537.000000000000        607.000000000000        659.000000000000        707.000000000000        745.000000000000        884.000000000000        802.000000000000        841.000000000000        868.000000000000        877.000000000000        907.000000000000        915.000000000000        844.000000000000        894.000000000000        892.000000000000        899.000000000000        833.000000000000        884.000000000000        858.000000000000        822.000000000000        780.000000000000        790.000000000000        808.000000000000        706.000000000000        768.000000000000        736.000000000000        765.000000000000        705.000000000000        670.000000000000        653.000000000000        608.000000000000        571.000000000000        571.000000000000        557.000000000000        526.000000000000        463.000000000000        424.000000000000        371.000000000000        260.000000000000        198.000000000000        315.000000000000        327.000000000000        375.000000000000        352.000000000000        359.000000000000        379.000000000000        374.000000000000        368.000000000000        378.000000000000        369.000000000000        341.000000000000        319.000000000000        295.000000000000        321.000000000000        318.000000000000        286.000000000000        311.000000000000        283.000000000000        307.000000000000        269.000000000000        237.000000000000        221.000000000000        253.000000000000        194.000000000000        206.000000000000        191.000000000000        201.000000000000        169.000000000000        164.000000000000        145.000000000000        121.000000000000        133.000000000000        112.000000000000        108.000000000000        108.000000000000        79.0000000000000        68.0000000000000        70.0000000000000        68.0000000000000        51.0000000000000        33.0000000000000        22.0000000000000        17.0000000000000        4.00000000000000        0.00000000000000        0.00000000000000        0.00000000000000        0.00000000000000        0.00000000000000        0.00000000000000        0.00000000000000        0.00000000000000        0.00000000000000        0.00000000000000        0.00000000000000        0.00000000000000        0.00000000000000        0.00000000000000        0.00000000000000        0.00000000000000        0.00000000000000        0.00000000000000        0.00000000000000        0.00000000000000        0.00000000000000        0.00000000000000        0.00000000000000        0.00000000000000        0.00000000000000        0.00000000000000        0.00000000000000        0.00000000000000        0.00000000000000        0.00000000000000        0.00000000000000        0.00000000000000        0.00000000000000        0.00000000000000        0.00000000000000        0.00000000000000        0.00000000000000        0.00000000000000        0.00000000000000        0.00000000000000        0.00000000000000        0.00000000000000        0.00000000000000        0.00000000000000        0.00000000000000        0.00000000000000        0.00000000000000        0.00000000000000        0.00000000000000        0.00000000000000        0.00000000000000        0.00000000000000        0.00000000000000        0.00000000000000        0.00000000000000        0.00000000000000        0.00000000000000        0.00000000000000        0.00000000000000        0.00000000000000        0.00000000000000        0.00000000000000        0.00000000000000        0.00000000000000        0.00000000000000        0.00000000000000        0.00000000000000        0.00000000000000        0.00000000000000        0.00000000000000        0.00000000000000        0.00000000000000        0.00000000000000        0.00000000000000        0.00000000000000        0.00000000000000        0.00000000000000        0.00000000000000        0.00000000000000        0.00000000000000        0.00000000000000        0.00000000000000        0.00000000000000        0.00000000000000        0.00000000000000        0.00000000000000        0.00000000000000        0.00000000000000        0.00000000000000        0.00000000000000     
   0.00000000000000        0.00000000000000        2398.00000000000        2219.00000000000        2219.00000000000        2148.00000000000        2085.00000000000        2093.00000000000        2157.00000000000        2157.00000000000        2209.00000000000        2186.00000000000        2244.00000000000        2309.00000000000        2248.00000000000        2397.00000000000        2610.00000000000        2568.00000000000        2555.00000000000        2613.00000000000        2780.00000000000        2896.00000000000        2939.00000000000        3100.00000000000        3241.00000000000        3251.00000000000        3363.00000000000        3499.00000000000        3581.00000000000        3768.00000000000        4127.00000000000        4013.00000000000        4197.00000000000        4214.00000000000        4547.00000000000        4634.00000000000        4879.00000000000        4985.00000000000        5189.00000000000        5500.00000000000        5836.00000000000        5870.00000000000        6030.00000000000        6471.00000000000        6710.00000000000        7014.00000000000        7317.00000000000        7775.00000000000        8077.00000000000        8585.00000000000        8983.00000000000        9457.00000000000        9689.00000000000        10514.0000000000        11208.0000000000        11860.0000000000        12648.0000000000        13264.0000000000        14078.0000000000        15402.0000000000        16294.0000000000        17702.0000000000        19435.0000000000        20592.0000000000        22753.0000000000        24746.0000000000        26794.0000000000        29648.0000000000        32843.0000000000        36635.0000000000        41232.0000000000        46007.0000000000        52327.0000000000        59686.0000000000        67799.0000000000        78019.0000000000        91012.0000000000        106110.000000000        122725.000000000        144172.000000000        167208.000000000        192016.000000000        214936.000000000        226294.000000000        218952.000000000        182778.000000000        123034.000000000        59593.0000000000        18834.0000000000        3373.00000000000        267.000000000000        8.00000000000000        0.00000000000000        0.00000000000000        0.00000000000000        0.00000000000000        0.00000000000000        0.00000000000000        0.00000000000000        0.00000000000000        0.00000000000000        0.00000000000000        1240.00000000000        1188.00000000000        1086.00000000000        1010.00000000000        1026.00000000000        1059.00000000000        1110.00000000000        1103.00000000000        1193.00000000000        1185.00000000000        1244.00000000000        1391.00000000000        1368.00000000000        1444.00000000000        1535.00000000000        1571.00000000000        1671.00000000000        1823.00000000000        1811.00000000000        1833.00000000000        2137.00000000000        2140.00000000000        2220.00000000000        2284.00000000000        2378.00000000000        2542.00000000000        2667.00000000000        2795.00000000000        2952.00000000000        2999.00000000000        3256.00000000000        3326.00000000000        3404.00000000000        3521.00000000000        3716.00000000000        3940.00000000000        3980.00000000000        4179.00000000000        4274.00000000000        4401.00000000000        4490.00000000000        4670.00000000000        4907.00000000000        4965.00000000000        4927.00000000000        5309.00000000000        5395.00000000000        5457.00000000000        5640.00000000000        5780.00000000000        5718.00000000000        5971.00000000000        5853.00000000000        5999.00000000000        6024.00000000000        6184.00000000000        6040.00000000000        5919.00000000000        6034.00000000000        5891.00000000000        5909.00000000000        5668.00000000000        5702.00000000000        5508.00000000000        5392.00000000000        5271.00000000000        5059.00000000000        4864.00000000000        4772.00000000000        4423.00000000000        4319.00000000000        4161.00000000000        3924.00000000000        3605.00000000000        3398.00000000000        3316.00000000000        3095.00000000000        2942.00000000000        2796.00000000000        2550.00000000000        2429.00000000000        2225.00000000000        2046.00000000000        1999.00000000000        1828.00000000000        1637.00000000000        1549.00000000000        1436.00000000000        1347.00000000000        1269.00000000000        1139.00000000000        1104.00000000000        1013.00000000000        891.000000000000        864.000000000000        831.000000000000        767.000000000000        772.000000000000        0.00000000000000        0.00000000000000        3044.00000000000        2911.00000000000        2470.00000000000        2029.00000000000        1770.00000000000        1555.00000000000        1287.00000000000        1085.00000000000        1014.00000000000        863.000000000000        797.000000000000        677.000000000000        615.000000000000        562.000000000000        519.000000000000        488.000000000000        460.000000000000        422.000000000000        370.000000000000        357.000000000000        305.000000000000        303.000000000000        313.000000000000        266.000000000000        295.000000000000        222.000000000000        231.000000000000        207.000000000000        197.000000000000        194.000000000000        189.000000000000        164.000000000000        142.000000000000        172.000000000000        144.000000000000        147.000000000000        144.000000000000        116.000000000000        129.000000000000        131.000000000000        116.000000000000        117.000000000000        82.0000000000000        97.0000000000000        97.0000000000000        85.0000000000000        86.0000000000000        77.0000000000000        84.0000000000000        85.0000000000000        59.0000000000000        85.0000000000000        68.0000000000000        51.0000000000000        58.0000000000000        57.0000000000000        54.0000000000000        47.0000000000000        50.0000000000000        53.0000000000000        48.0000000000000        42.0000000000000        36.0000000000000        40.0000000000000        30.0000000000000        31.0000000000000        36.0000000000000        28.0000000000000        24.0000000000000        22.0000000000000        24.0000000000000        31.0000000000000        26.0000000000000        23.0000000000000        20.0000000000000        27.0000000000000        20.0000000000000        16.0000000000000        21.0000000000000        13.0000000000000        8.00000000000000        12.0000000000000        12.0000000000000        8.00000000000000        12.0000000000000        11.0000000000000        7.00000000000000        9.00000000000000        11.0000000000000        9.00000000000000        8.00000000000000        3.00000000000000        1.00000000000000        0.00000000000000        2.00000000000000        1.00000000000000        0.00000000000000        0.00000000000000        0.00000000000000        0.00000000000000        943.000000000000        1009.00000000000        925.000000000000        770.000000000000        683.000000000000        601.000000000000        465.000000000000        436.000000000000        369.000000000000        310.000000000000        263.000000000000        231.000000000000        195.000000000000        202.000000000000        168.000000000000        166.000000000000        155.000000000000        122.000000000000        137.000000000000        98.0000000000000        95.0000000000000        85.0000000000000        87.0000000000000        78.0000000000000        85.0000000000000        72.0000000000000        66.0000000000000        69.0000000000000        63.0000000000000        46.0000000000000        47.0000000000000        42.0000000000000        51.0000000000000        54.0000000000000        40.0000000000000        36.0000000000000        32.0000000000000        35.0000000000000        47.0000000000000        34.0000000000000        29.0000000000000        26.0000000000000        31.0000000000000        23.0000000000000        14.0000000000000        11.0000000000000        17.0000000000000        18.0000000000000        15.0000000000000        14.0000000000000        15.0000000000000        10.0000000000000        10.0000000000000        9.00000000000000        6.00000000000000        13.0000000000000        9.00000000000000        10.0000000000000        10.0000000000000        12.0000000000000        8.00000000000000        9.00000000000000        7.00000000000000        9.00000000000000        4.00000000000000        7.00000000000000        3.00000000000000        2.00000000000000        4.00000000000000        3.00000000000000        5.00000000000000        6.00000000000000        3.00000000000000        4.00000000000000        5.00000000000000        0.00000000000000        5.00000000000000        0.00000000000000        5.00000000000000        4.00000000000000        2.00000000000000        0.00000000000000        1.00000000000000        1.00000000000000        1.00000000000000        2.00000000000000        0.00000000000000        0.00000000000000        0.00000000000000        1.00000000000000        0.00000000000000        0.00000000000000        0.00000000000000        0.00000000000000        0.00000000000000        0.00000000000000        0.00000000000000        0.00000000000000        0.00000000000000        0.00000000000000        0.00000000000000        0.00000000000000        0.00000000000000        0.00000000000000        0.00000000000000        0.00000000000000        0.00000000000000        0.00000000000000        0.00000000000000        0.00000000000000        0.00000000000000        0.00000000000000        0.00000000000000        0.00000000000000        0.00000000000000        0.00000000000000        0.00000000000000        0.00000000000000        0.00000000000000        0.00000000000000        0.00000000000000        0.00000000000000        0.00000000000000        0.00000000000000        0.00000000000000        0.00000000000000        0.00000000000000        0.00000000000000        0.00000000000000        0.00000000000000        0.00000000000000        0.00000000000000        0.00000000000000        0.00000000000000        0.00000000000000        0.00000000000000        0.00000000000000        0.00000000000000        0.00000000000000        0.00000000000000        0.00000000000000        0.00000000000000        0.00000000000000        0.00000000000000        0.00000000000000        0.00000000000000        0.00000000000000        0.00000000000000        0.00000000000000        0.00000000000000        0.00000000000000        0.00000000000000        0.00000000000000        0.00000000000000        0.00000000000000        0.00000000000000        0.00000000000000        0.00000000000000        0.00000000000000        0.00000000000000        0.00000000000000        0.00000000000000        0.00000000000000        0.00000000000000        0.00000000000000        0.00000000000000        0.00000000000000        0.00000000000000        0.00000000000000        0.00000000000000        0.00000000000000        0.00000000000000        0.00000000000000        0.00000000000000        0.00000000000000        0.00000000000000        0.00000000000000        0.00000000000000        0.00000000000000        0.00000000000000        0.00000000000000        0.00000000000000        0.00000000000000        0.00000000000000        0.00000000000000        0.00000000000000        0.00000000000000        0.00000000000000        0.00000000000000        0.00000000000000        0.00000000000000        0.00000000000000        0.00000000000000        0.00000000000000        0.00000000000000        0.00000000000000        0.00000000000000        0.00000000000000        0.00000000000000        0.00000000000000        0.00000000000000        0.00000000000000        0.00000000000000        0.00000000000000        0.00000000000000        0.00000000000000        0.00000000000000        0.00000000000000        0.00000000000000        0.00000000000000        0.00000000000000        0.00000000000000        0.00000000000000        0.00000000000000        0.00000000000000        0.00000000000000        0.00000000000000        0.00000000000000        0.00000000000000        0.00000000000000        0.00000000000000        0.00000000000000        0.00000000000000        0.00000000000000        0.00000000000000        0.00000000000000        0.00000000000000        0.00000000000000        0.00000000000000        0.00000000000000        0.00000000000000        0.00000000000000        0.00000000000000        0.00000000000000        0.00000000000000        0.00000000000000        0.00000000000000        0.00000000000000        0.00000000000000        0.00000000000000        0.00000000000000        0.00000000000000        0.00000000000000        0.00000000000000        0.00000000000000        0.00000000000000        0.00000000000000        0.00000000000000        0.00000000000000        0.00000000000000        0.00000000000000        0.00000000000000        0.00000000000000        0.00000000000000        0.00000000000000        0.00000000000000        0.00000000000000        0.00000000000000        0.00000000000000        0.00000000000000        0.00000000000000        0.00000000000000        0.00000000000000        0.00000000000000        0.00000000000000        0.00000000000000        0.00000000000000        0.00000000000000        0.00000000000000        0.00000000000000        0.00000000000000        0.00000000000000        0.00000000000000        0.00000000000000        0.00000000000000        0.00000000000000        0.00000000000000        0.00000000000000        0.00000000000000        0.00000000000000        0.00000000000000        0.00000000000000        0.00000000000000        0.00000000000000        0.00000000000000        0.00000000000000        0.00000000000000        0.00000000000000        0.00000000000000        0.00000000000000        0.00000000000000        0.00000000000000        0.00000000000000        0.00000000000000        0.00000000000000        0.00000000000000        0.00000000000000        0.00000000000000        0.00000000000000        0.00000000000000        2418.00000000000        2235.00000000000        2227.00000000000        2152.00000000000        2093.00000000000        2099.00000000000        2163.00000000000        2163.00000000000        2217.00000000000        2190.00000000000        2250.00000000000        2315.00000000000        2254.00000000000        2403.00000000000        2616.00000000000        2574.00000000000        2559.00000000000        2629.00000000000        2780.00000000000        2906.00000000000        2945.00000000000        3108.00000000000        3255.00000000000        3265.00000000000        3377.00000000000        3503.00000000000        3593.00000000000        3778.00000000000        4153.00000000000        4025.00000000000        4213.00000000000        4228.00000000000        4575.00000000000        4660.00000000000        4903.00000000000        5015.00000000000        5205.00000000000        5518.00000000000        5864.00000000000        5888.00000000000        6034.00000000000        6473.00000000000        6710.00000000000        7014.00000000000        7317.00000000000        7775.00000000000        8077.00000000000        8585.00000000000        8983.00000000000        9457.00000000000        9689.00000000000        10514.0000000000        11208.0000000000        11860.0000000000        12648.0000000000        13264.0000000000        14078.0000000000        15402.0000000000        16294.0000000000        17702.0000000000        19435.0000000000        20592.0000000000        22753.0000000000        24746.0000000000        26794.0000000000        29648.0000000000        32843.0000000000        36635.0000000000        41232.0000000000        46007.0000000000        52327.0000000000        59686.0000000000        67799.0000000000        78019.0000000000        91012.0000000000        106110.000000000        122725.000000000        144172.000000000        167208.000000000        192016.000000000        214936.000000000        226294.000000000        218952.000000000        182778.000000000        123034.000000000        59593.0000000000        18834.0000000000        3373.00000000000        267.000000000000        8.00000000000000        0.00000000000000        0.00000000000000        0.00000000000000        0.00000000000000        0.00000000000000        0.00000000000000        0.00000000000000        0.00000000000000        0.00000000000000        0.00000000000000        1242.00000000000        1192.00000000000        1092.00000000000        1018.00000000000        1028.00000000000        1063.00000000000        1114.00000000000        1103.00000000000        1195.00000000000        1185.00000000000        1254.00000000000        1395.00000000000        1370.00000000000        1446.00000000000        1535.00000000000        1575.00000000000        1671.00000000000        1827.00000000000        1811.00000000000        1837.00000000000        2145.00000000000        2144.00000000000        2220.00000000000        2284.00000000000        2380.00000000000        2544.00000000000        2671.00000000000        2797.00000000000        2956.00000000000        2999.00000000000        3256.00000000000        3326.00000000000        3404.00000000000        3521.00000000000        3716.00000000000        3940.00000000000        3980.00000000000        4179.00000000000        4274.00000000000        4401.00000000000        4490.00000000000        4670.00000000000        4907.00000000000        4965.00000000000        4927.00000000000        5309.00000000000        5395.00000000000        5457.00000000000        5640.00000000000        5780.00000000000        5718.00000000000        5971.00000000000        5853.00000000000        5999.00000000000        6024.00000000000        6184.00000000000        6040.00000000000        5919.00000000000        6034.00000000000        5891.00000000000        5909.00000000000        5668.00000000000        5702.00000000000        5508.00000000000        5392.00000000000        5271.00000000000        5059.00000000000        4864.00000000000        4772.00000000000        4423.00000000000        4319.00000000000        4161.00000000000        3924.00000000000        3605.00000000000        3398.00000000000        3316.00000000000        3095.00000000000        2942.00000000000        2796.00000000000        2550.00000000000        2429.00000000000        2225.00000000000        2046.00000000000        1999.00000000000        1828.00000000000        1637.00000000000        1549.00000000000        1436.00000000000        1347.00000000000        1269.00000000000        1139.00000000000        1104.00000000000        1013.00000000000        891.000000000000        864.000000000000        831.000000000000        767.000000000000        772.000000000000        0.00000000000000        0.00000000000000        3050.00000000000        2911.00000000000        2470.00000000000        2031.00000000000        1770.00000000000        1555.00000000000        1289.00000000000        1085.00000000000        1014.00000000000        863.000000000000        797.000000000000        677.000000000000        615.000000000000        562.000000000000        519.000000000000        488.000000000000        460.000000000000        422.000000000000        370.000000000000        357.000000000000        305.000000000000        303.000000000000        313.000000000000        266.000000000000        295.000000000000        222.000000000000        231.000000000000        207.000000000000        197.000000000000        194.000000000000        189.000000000000        164.000000000000        142.000000000000        172.000000000000        146.000000000000        147.000000000000        144.000000000000        116.000000000000        129.000000000000        131.000000000000        116.000000000000        117.000000000000        82.0000000000000        97.0000000000000        97.0000000000000        85.0000000000000        86.0000000000000        77.0000000000000        84.0000000000000        85.0000000000000        59.0000000000000        85.0000000000000        68.0000000000000        51.0000000000000        58.0000000000000        57.0000000000000        54.0000000000000        47.0000000000000        50.0000000000000        53.0000000000000        48.0000000000000        42.0000000000000        36.0000000000000        40.0000000000000        30.0000000000000        31.0000000000000        36.0000000000000        28.0000000000000        24.0000000000000        22.0000000000000        24.0000000000000        31.0000000000000        26.0000000000000        23.0000000000000        20.0000000000000        27.0000000000000        20.0000000000000        16.0000000000000        21.0000000000000        13.0000000000000        8.00000000000000        12.0000000000000        12.0000000000000        8.00000000000000        12.0000000000000        11.0000000000000        7.00000000000000        9.00000000000000        11.0000000000000        9.00000000000000        8.00000000000000        3.00000000000000        1.00000000000000        0.00000000000000        2.00000000000000        1.00000000000000        0.00000000000000        0.00000000000000        0.00000000000000        0.00000000000000        943.000000000000        1013.00000000000        927.000000000000        770.000000000000        683.000000000000        601.000000000000        465.000000000000        436.000000000000        369.000000000000        310.000000000000        263.000000000000        231.000000000000        195.000000000000        202.000000000000        168.000000000000        166.000000000000        155.000000000000        122.000000000000        137.000000000000        98.0000000000000        95.0000000000000        85.0000000000000        87.0000000000000        78.0000000000000        85.0000000000000        72.0000000000000        66.0000000000000        69.0000000000000        63.0000000000000        46.0000000000000        47.0000000000000        42.0000000000000        51.0000000000000        54.0000000000000        40.0000000000000        36.0000000000000        32.0000000000000        35.0000000000000        47.0000000000000        34.0000000000000        29.0000000000000        26.0000000000000        31.0000000000000        23.0000000000000        14.0000000000000        11.0000000000000        17.0000000000000        18.0000000000000        15.0000000000000        14.0000000000000        15.0000000000000        10.0000000000000        10.0000000000000        9.00000000000000        6.00000000000000        13.0000000000000        9.00000000000000        10.0000000000000        10.0000000000000        12.0000000000000        8.00000000000000        9.00000000000000        7.00000000000000        9.00000000000000        4.00000000000000        7.00000000000000        3.00000000000000        2.00000000000000        4.00000000000000        3.00000000000000        5.00000000000000        6.00000000000000        3.00000000000000        4.00000000000000        5.00000000000000        0.00000000000000        5.00000000000000        0.00000000000000        5.00000000000000        4.00000000000000        2.00000000000000        0.00000000000000        1.00000000000000        1.00000000000000        1.00000000000000        2.00000000000000        0.00000000000000        0.00000000000000        0.00000000000000        1.00000000000000        0.00000000000000        0.00000000000000        0.00000000000000        0.00000000000000        0.00000000000000        0.00000000000000        0.00000000000000        0.00000000000000        0.00000000000000        0.00000000000000        0.00000000000000        0.00000000000000        0.00000000000000        0.00000000000000        0.00000000000000        0.00000000000000        0.00000000000000        0.00000000000000        0.00000000000000        0.00000000000000        0.00000000000000        0.00000000000000        0.00000000000000        0.00000000000000        0.00000000000000        0.00000000000000        0.00000000000000        0.00000000000000        0.00000000000000        0.00000000000000        0.00000000000000        0.00000000000000        0.00000000000000        0.00000000000000        0.00000000000000        0.00000000000000        0.00000000000000        0.00000000000000        0.00000000000000        0.00000000000000        0.00000000000000        0.00000000000000        0.00000000000000        0.00000000000000        0.00000000000000        0.00000000000000        0.00000000000000        0.00000000000000        0.00000000000000        0.00000000000000        0.00000000000000        0.00000000000000        0.00000000000000        0.00000000000000        0.00000000000000        0.00000000000000        0.00000000000000        0.00000000000000        0.00000000000000        0.00000000000000        0.00000000000000        0.00000000000000        0.00000000000000        0.00000000000000        0.00000000000000        0.00000000000000        0.00000000000000        0.00000000000000        0.00000000000000        0.00000000000000        0.00000000000000        0.00000000000000        0.00000000000000        0.00000000000000        0.00000000000000        0.00000000000000        0.00000000000000        0.00000000000000        0.00000000000000        0.00000000000000        0.00000000000000        0.00000000000000        0.00000000000000        0.00000000000000        0.00000000000000        0.00000000000000        0.00000000000000        0.00000000000000        0.00000000000000        0.00000000000000        0.00000000000000        0.00000000000000        0.00000000000000        0.00000000000000        0.00000000000000        0.00000000000000        0.00000000000000        0.00000000000000        0.00000000000000        0.00000000000000        0.00000000000000        0.00000000000000        0.00000000000000        0.00000000000000        0.00000000000000        0.00000000000000        0.00000000000000        0.00000000000000        0.00000000000000        0.00000000000000        0.00000000000000        0.00000000000000        0.00000000000000        0.00000000000000        0.00000000000000        0.00000000000000        0.00000000000000        0.00000000000000        0.00000000000000        0.00000000000000        0.00000000000000        0.00000000000000        0.00000000000000        0.00000000000000        0.00000000000000        0.00000000000000        0.00000000000000        0.00000000000000        0.00000000000000        0.00000000000000        0.00000000000000        0.00000000000000        0.00000000000000        0.00000000000000        0.00000000000000        0.00000000000000        0.00000000000000        0.00000000000000        0.00000000000000        0.00000000000000        0.00000000000000        0.00000000000000        0.00000000000000        0.00000000000000        0.00000000000000        0.00000000000000        0.00000000000000        0.00000000000000        0.00000000000000        0.00000000000000        0.00000000000000        0.00000000000000        0.00000000000000        0.00000000000000        0.00000000000000        0.00000000000000        0.00000000000000        0.00000000000000        0.00000000000000        0.00000000000000        0.00000000000000        0.00000000000000        0.00000000000000        0.00000000000000        0.00000000000000        0.00000000000000        0.00000000000000        0.00000000000000        0.00000000000000        0.00000000000000        0.00000000000000        0.00000000000000        0.00000000000000        0.00000000000000        0.00000000000000        0.00000000000000        0.00000000000000        0.00000000000000        0.00000000000000        0.00000000000000        0.00000000000000        0.00000000000000        0.00000000000000        0.00000000000000        0.00000000000000        0.00000000000000        0.00000000000000        0.00000000000000        0.00000000000000        0.00000000000000        0.00000000000000        0.00000000000000        0.00000000000000        0.00000000000000        0.00000000000000        0.00000000000000        0.00000000000000        0.00000000000000        0.00000000000000        0.00000000000000        0.00000000000000        0.00000000000000        0.00000000000000        0.00000000000000        0.00000000000000        0.00000000000000        0.00000000000000        0.00000000000000     
   487892274582.586       1.140568168172236E+017
   1150419964.40147        1213350204.87457        1247121026.56619        1276123333.03341        1300413871.08998        1322270103.74070        1341725172.42226        1365363102.83613        1381384660.75318        1402917025.30362        1421113396.84443        1443655581.00851        1462500248.50954        1479808323.43333        1498116836.97444        1514168907.18436        1529352277.42411        1550893753.72903        1563340810.30087        1580348391.59299        1592931974.67688        1607206205.23999        1627723637.36538        1643513409.75033        1659390575.73643        1678004130.18329        1695317315.29550        1709843260.74068        1724693592.21152        1741781338.62862        1762595915.30243        1774690962.74202        1789940703.42674        1801401555.45448        1818215274.31924        1831046203.55540        1846252382.92555        1859837276.64745        1872598316.35828        1884517186.62665        1903706093.22659        1914019424.84548        1931187303.84334        1938580699.65356        1952164355.75026        1963349608.60118        1977435054.65111        1983025415.76362        1990927013.81052        2003660900.08982        2013319865.01743        2023898614.53668        2026160407.01281        2038027497.88881        2048211900.16479        2047207511.17868        2051303116.75533        2060033429.86139        2061587704.05031        2067176170.83406        2073945080.29394        2076459545.16500        2077678273.75142        2077108337.36689        2085633414.43199        2083796606.58674        2083047222.71978        2079302046.37702        2082003472.48978        2074538066.21645        2075947087.79503        2072634167.53655        2070588966.24020        2061885869.16297        2052027601.77335        2049646884.84283        2040150649.87573        2031466461.62213        2022781216.33196        2014848189.92278        2006665312.59852        1993588741.78731        1983202790.09322        1965959370.54395        1955497655.65765        1945431101.29316        1927605945.29805        1908241947.66611        1890433178.34244        1873437321.74019        1851593385.98147        1826905678.80600        1801989764.39874        1778309121.70621        1746303190.28093        1716589160.06844        1679646420.91639        1636053660.08416        1573931882.75485        1466746217.52151        2900732191479.88        3538224978900.68        3888768287998.62        4168762978922.08        4416603345108.28        4616949457997.88        4796784620104.14        4994541824117.87        5145915658011.74        5293481782062.97        5409990399467.51        5540448986781.38        5673013807410.63        5792350196906.86        5878367407852.70        6003792916440.48        6050284248351.70        6199000118093.32        6278609485528.72        6361403109143.07        6442863564386.01        6553588634725.08        6679321627924.52        6762982319856.34        6886211160384.39        6984173527514.65        7127817366935.11        7185254626461.72        7287990895211.83        7419528786825.76        7559849853710.62        7592401961729.31        7715066590871.27        7809576163172.76        7880666732534.39        7963846176776.39        8063283108801.07        8162040152986.38        8211412307449.19        8300364020437.95        8474165487142.45        8532470160917.08        8660011441739.01        8708291404163.55        8773537935135.81        8873028775571.76        8951675528268.00        8969199281296.95        9026834707960.65        9126907301860.07        9171186854678.16        9271761444317.84        9266018304526.45        9383953040766.65        9433862527700.72        9435522097934.86        9468161637322.54        9509986870611.58        9556307763989.78        9562655474376.17        9632018110721.46        9630775619943.31        9644823945273.60        9643710744932.52        9710269269949.27        9708857576872.63        9690420674052.38        9661937083524.74        9701329981389.23        9637788774195.94        9707766325783.88        9672909606293.19        9653812021128.78        9549660050365.79        9506759838317.24        9487653829063.41        9412647651916.77        9349925269391.08        9300673194187.68        9263802006950.23        9219882697488.97        9093196016033.99        9024941699989.65        8888241575542.94        8815113490253.16        8741030708828.49        8642785934710.58        8458111311722.70        8345283942828.23        8228881051688.02        8074285858707.96        7879717933092.93        7680326983924.36        7503084813710.10        7256300971285.42        6992606866351.70        6688947194866.93        6293204908579.21        5756491718567.01        4731665712420.94     
   6205.00000000000        2484.00000000000        1399.00000000000        660.000000000000        183.000000000000       -7.00000000000000        54.0000000000000       -452.000000000000       -580.000000000000       -414.000000000000       -1070.00000000000       -928.000000000000       -1026.00000000000       -1355.00000000000       -1298.00000000000       -1576.00000000000       -1680.00000000000       -1271.00000000000       -1359.00000000000       -1585.00000000000       -1736.00000000000       -1802.00000000000       -1417.00000000000       -1881.00000000000       -1930.00000000000       -1861.00000000000       -1901.00000000000       -2339.00000000000       -1865.00000000000       -1857.00000000000       -2289.00000000000       -2251.00000000000       -1906.00000000000       -2415.00000000000       -2087.00000000000       -1957.00000000000       -2244.00000000000       -2306.00000000000       -1833.00000000000       -2606.00000000000       -2358.00000000000       -2230.00000000000       -2472.00000000000       -2368.00000000000       -2429.00000000000       -2262.00000000000       -2476.00000000000       -2298.00000000000       -2376.00000000000       -2433.00000000000       -2292.00000000000       -2491.00000000000       -2258.00000000000       -2374.00000000000       -2378.00000000000       -2760.00000000000       -2331.00000000000       -2335.00000000000       -2621.00000000000       -2351.00000000000       -2552.00000000000       -1850.00000000000       -2473.00000000000       -2241.00000000000       -2463.00000000000       -1870.00000000000       -2509.00000000000       -2386.00000000000       -2318.00000000000       -2160.00000000000       -2319.00000000000       -2468.00000000000       -2045.00000000000       -1759.00000000000       -2070.00000000000       -2066.00000000000       -1866.00000000000       -1817.00000000000       -2223.00000000000       -2101.00000000000       -1987.00000000000       -1645.00000000000       -2028.00000000000       -1483.00000000000       -1809.00000000000       -1403.00000000000       -1737.00000000000       -1408.00000000000       -1177.00000000000       -1198.00000000000       -1535.00000000000       -713.000000000000       -792.000000000000       -598.000000000000       -205.000000000000       -293.000000000000        90.0000000000000        1335.00000000000        2067.00000000000        6290.00000000000        12619.0000000000        15970.0000000000        17397.0000000000        18332.0000000000        18909.0000000000        19293.0000000000        19958.0000000000        20606.0000000000        21048.0000000000        21408.0000000000        21786.0000000000        22140.0000000000        22364.0000000000        22787.0000000000        22992.0000000000        23608.0000000000        23754.0000000000        23949.0000000000        24515.0000000000        24699.0000000000        24804.0000000000        24978.0000000000        25585.0000000000        26013.0000000000        26158.0000000000        26465.0000000000        26773.0000000000        27059.0000000000        27399.0000000000        27595.0000000000        27857.0000000000        28027.0000000000        28408.0000000000        28575.0000000000        28833.0000000000        29201.0000000000        29366.0000000000        29512.0000000000        29741.0000000000        29754.0000000000        30402.0000000000        30546.0000000000        30894.0000000000        31030.0000000000        31095.0000000000        31648.0000000000        31730.0000000000        31746.0000000000        31738.0000000000        32183.0000000000        32018.0000000000        32183.0000000000        32150.0000000000        32762.0000000000        32552.0000000000        32574.0000000000        32703.0000000000        32631.0000000000        32641.0000000000        32597.0000000000        33368.0000000000        33288.0000000000        33191.0000000000        33025.0000000000        33159.0000000000        33432.0000000000        33275.0000000000        33380.0000000000        33064.0000000000        32926.0000000000        33163.0000000000        33232.0000000000        33025.0000000000        32613.0000000000        32742.0000000000        32684.0000000000        32406.0000000000        32041.0000000000        31969.0000000000        32043.0000000000        32085.0000000000        31649.0000000000        31402.0000000000        30747.0000000000        30697.0000000000        30795.0000000000        30663.0000000000        30052.0000000000        29751.0000000000        29156.0000000000        28671.0000000000        28287.0000000000        27814.0000000000        27278.0000000000        26559.0000000000        25807.0000000000        25220.0000000000        23881.0000000000        22579.0000000000        18978.0000000000     
   697.000000000000        772.000000000000        835.000000000000        874.000000000000        894.000000000000        1025.00000000000        1123.00000000000        1161.00000000000        1310.00000000000        1645.00000000000        4846.00000000000        20520.0000000000        61729.0000000000        125921.000000000        186472.000000000        223261.000000000        231165.000000000        219948.000000000        197019.000000000        172066.000000000        148940.000000000        127404.000000000        110657.000000000        95372.0000000000        82373.0000000000        72267.0000000000        64383.0000000000        56974.0000000000        50713.0000000000        46038.0000000000        41555.0000000000        37828.0000000000        34841.0000000000        32131.0000000000        30124.0000000000        28263.0000000000        26071.0000000000        25066.0000000000        23302.0000000000        21933.0000000000        20973.0000000000        19797.0000000000        19061.0000000000        18302.0000000000        17465.0000000000        16751.0000000000        16072.0000000000        15014.0000000000        14837.0000000000        14030.0000000000        13576.0000000000        13022.0000000000        12576.0000000000        11775.0000000000        11412.0000000000        11052.0000000000        10614.0000000000        9927.00000000000        9750.00000000000        9454.00000000000        9014.00000000000        8580.00000000000        8245.00000000000        7895.00000000000        7441.00000000000        7142.00000000000        6780.00000000000        6595.00000000000        6192.00000000000        6136.00000000000        5660.00000000000        5415.00000000000        5115.00000000000        4860.00000000000        4606.00000000000        4424.00000000000        4150.00000000000        3976.00000000000        3546.00000000000        3463.00000000000        3218.00000000000        3066.00000000000        2889.00000000000        2813.00000000000        2511.00000000000        2265.00000000000        2205.00000000000        1995.00000000000        1773.00000000000        1737.00000000000        1556.00000000000        1450.00000000000        1426.00000000000        1279.00000000000        1195.00000000000        1131.00000000000        1061.00000000000        947.000000000000        0.00000000000000        180696.000000000        697.000000000000        772.000000000000        835.000000000000        874.000000000000        894.000000000000        1025.00000000000        1123.00000000000        1161.00000000000        1310.00000000000        1645.00000000000        4846.00000000000        20520.0000000000        61729.0000000000        125921.000000000        186472.000000000        223261.000000000        231165.000000000        219948.000000000        197019.000000000        172066.000000000        148940.000000000        127404.000000000        110657.000000000        95372.0000000000        82373.0000000000        72267.0000000000        64383.0000000000        56974.0000000000        50713.0000000000        46038.0000000000        41555.0000000000        37828.0000000000        34841.0000000000        32131.0000000000        30124.0000000000        28263.0000000000        26071.0000000000        25066.0000000000        23302.0000000000        21933.0000000000        20973.0000000000        19797.0000000000        19061.0000000000        18302.0000000000        17465.0000000000        16751.0000000000        16072.0000000000        15014.0000000000        14837.0000000000        14030.0000000000        13576.0000000000        13022.0000000000        12576.0000000000        11775.0000000000        11412.0000000000        11052.0000000000        10614.0000000000        9927.00000000000        9750.00000000000        9454.00000000000        9014.00000000000        8580.00000000000        8245.00000000000        7895.00000000000        7441.00000000000        7142.00000000000        6780.00000000000        6595.00000000000        6192.00000000000        6136.00000000000        5660.00000000000        5415.00000000000        5115.00000000000        4860.00000000000        4606.00000000000        4424.00000000000        4150.00000000000        3976.00000000000        3546.00000000000        3463.00000000000        3218.00000000000        3066.00000000000        2889.00000000000        2813.00000000000        2511.00000000000        2265.00000000000        2205.00000000000        1995.00000000000        1773.00000000000        1737.00000000000        1556.00000000000        1450.00000000000        1426.00000000000        1279.00000000000        1195.00000000000        1131.00000000000        1061.00000000000        947.000000000000        0.00000000000000        180696.000000000     

   *** END ***
