4.95936749732	-0
4.9494685602	-0
4.93960906108	-0
4.92978876474	-0
4.92000743782	-0
4.91026484884	-0
4.90056076811	-0
4.89089496778	-0
4.88126722178	-0
4.87167730582	-0
4.86212499738	-0
4.85261007566	-0
4.84313232161	-0
4.83369151786	-0
4.82428744876	-0
4.81491990031	-0
4.8055886602	-0
4.79629351772	-0
4.78703426383	-0
4.77781069106	-0
4.76862259358	-0
4.75946976711	-0
4.75035200893	-0
4.7412691179	-0
4.73222089439	-0
4.72320714031	-0
4.71422765905	-0
4.70528225553	-0
4.6963707361	-0
4.68749290862	-0
4.67864858238	-0
4.6698375681	-0
4.66105967794	-0
4.65231472544	-0
4.64360252558	-0
4.6349228947	-0
4.62627565049	-0
4.61766061203	-0
4.60907759974	-0
4.60052643537	-0
4.59200694197	-0
4.58351894392	-0
4.5750622669	-0
4.56663673787	-0
4.55824218504	-0
4.54987843791	-0
4.54154532722	-0
4.53324268494	-0
4.52497034427	-0
4.51672813964	-0
4.50851590666	-0
4.50033348215	-0
4.4921807041	-0
4.48405741169	-0
4.47596344524	-0
4.46789864624	-0
4.45986285731	-0
4.45185592219	-0
4.44387768577	-0
4.43592799403	-0
4.42800669404	-0
4.42011363398	-0
4.4122486631	-0
4.40441163173	-0
4.39660239124	-0
4.38882079409	-0
4.38106669375	-0
4.37333994473	-0
4.36564040257	-0
4.35796792383	-0
4.35032236607	-0
4.34270358785	-0
4.33511144871	-0
4.32754580918	-0
4.32000653077	-0
4.31249347593	-0
4.30500650809	-0
4.29754549162	-0
4.2901102918	-0
4.28270077489	-0
4.27531680804	-0
4.26795825931	-0
4.2606249977	-0
4.25331689307	-0
4.2460338162	-0
4.23877563874	-0
4.23154223321	-0
4.22433347302	-0
4.21714923242	-0
4.20998938652	-0
4.20285381129	-0
4.19574238352	-0
4.18865498085	-0
4.18159148172	-0
4.17455176542	-0
4.16753571204	-0
4.16054320245	-0
4.15357411836	-0
4.14662834224	-0
4.13970575737	-0
4.13280624777	-0
4.12592969827	-0
4.11907599446	-0
4.11224502266	-0
4.10543666997	-0
4.09865082423	-0
4.09188737403	-0
4.08514620867	-0
4.07842721819	-0
4.07173029337	-0
4.06505532568	-0
4.0584022073	-0
4.05177083115	-0
4.0451610908	-0
4.03857288056	-0
4.03200609539	-0
4.02546063094	-0
4.01893638357	-0
4.01243325026	-0
4.00595112869	-0
3.9994899172	-0
3.99304951475	-0
3.986629821	-0
3.98023073622	-0
3.97385216132	-0
3.96749399786	-0
3.96115614802	-0
3.95483851461	-0
3.94854100105	-0
3.94226351139	-0
3.93600595026	-0
3.92976822292	-0
3.92355023522	-0
3.91735189362	-0
3.91117310515	-0
3.90501377742	-0
3.89887381865	-0
3.89275313762	-0
3.88665164367	-0
3.88056924673	-0
3.87450585728	-0
3.86846138637	-0
3.86243574558	-0
3.85642884706	-0
3.85044060351	-0
3.84447092816	-0
3.83851973477	-0
3.83258693765	2575.75485831
3.82667245164	2551.6158449
3.82077619208	2556.67386637
3.81489807486	2521.56319426
3.80903801638	2522.27303757
3.80319593353	2503.00796003
3.79737174374	2498.88714032
3.79156536493	2470.10351597
3.78577671551	2465.91560992
3.78000571442	2440.53711199
3.77425228107	2442.9812276
3.76851633535	2391.72752592
3.76279779767	2384.0410871
3.75709658888	2375.81092173
3.75141263035	2363.81780084
3.7457458439	2313.13738522
3.74009615183	2319.93648491
3.7344634769	2266.71120383
3.72884774235	2278.73459416
3.72324887186	2295.34217151
3.7176667896	2266.62739826
3.71210142015	2235.47453828
3.70655268858	2219.13226606
3.70102052039	2200.80299891
3.69550484152	2184.37826564
3.69000557837	2150.08290992
3.68452265774	2141.4547337
3.67905600692	2151.70305503
3.67360555357	2121.39876897
3.66817122583	2093.55711725
3.66275295223	2070.28260205
3.65735066174	2053.21559652
3.65196428374	2064.96283267
3.64659374803	2065.22720579
3.64123898482	2016.10226034
3.63589992472	1986.54822267
3.63057649877	1985.34489502
3.62526863839	1951.89498183
3.61997627542	1935.30227495
3.61469934207	1940.73311878
3.60943777098	1902.5882444
3.60419149515	1875.64510743
3.59896044799	1875.58402373
3.59374456328	1837.28489194
3.5885437752	1823.58701079
3.5833580183	1797.9658566
3.57818722751	1790.83043179
3.57303133813	1776.70796993
3.56789028584	1758.47386692
3.5627640067	1747.06695385
3.5576524371	1707.04276514
3.55255551384	1681.7384089
3.54747317405	1665.50548227
3.54240535523	1649.31601477
3.53735199524	1605.91412458
3.53231303228	1619.88364964
3.52728840492	1557.07518577
3.52227805208	1576.07247473
3.517281913	1533.46420601
3.51229992728	1510.34220256
3.50733203488	1477.14130697
3.50237817608	1483.18944945
3.49743829148	1452.63456379
3.49251232206	1435.53837954
3.48760020909	1389.4698418
3.48270189419	1386.49634283
3.4778173193	1350.32932091
3.4729464267	1361.18326283
3.46808915897	1307.74251918
3.46324545903	1301.91466202
3.4584152701	1253.11976671
3.45359853574	1228.84727377
3.44879519981	1200.70756258
3.44400520647	1198.03994284
3.43922850022	1155.23166485
3.43446502585	1160.22405819
3.42971472844	1120.96123862
3.4249775534	1105.70006422
3.42025344643	1055.01249407
3.41554235353	1025.91049205
3.41084422099	1010.3759918
3.40615899541	986.023029281
3.40148662368	914.251782745
3.39682705296	941.052197727
3.39218023073	869.405781575
3.38754610473	908.544461169
3.382924623	904.243116644
3.37831573387	850.008524241
3.37371938593	809.376860984
3.36913552807	797.412444363
3.36456410945	725.905147176
3.36000507949	731.579413124
3.35545838791	725.243507791
3.35092398468	679.031773096
3.34640182006	663.14353079
3.34189184456	633.459059942
3.33739400897	615.085567081
3.33290826433	584.021004277
3.32843456196	565.02576845
3.32397285343	535.243973018
3.31952309058	497.883153609
3.31508522548	422.801340967
3.3106592105	444.561582729
3.30624499822	452.589571751
3.30184254149	314.159053225
3.29745179343	291.090161708
3.29307270739	294.175707703
3.28870523695	209.484085475
3.28434933598	168.640776952
3.28000495855	294.269003621
3.275672059	-0
3.2713505919	-0
3.26704051207	-0
3.26274177456	-0
3.25845433464	-0
3.25417814785	-0
3.24991316994	-0
3.24565935689	-0
3.24141666492	-0
3.23718505047	-0
3.23296447022	-0
3.22875488107	-0
3.22455624013	-0
3.22036850476	-0
3.21619163251	-0
3.21202558117	-0
3.20787030875	-0
3.20372577347	-0
3.19959193376	-0
3.19546874828	-0
3.19135617588	-0
3.18725417566	-0
3.18316270688	-0
3.17908172905	-0
3.17501120187	-0
3.17095108525	-0
3.16690133929	-0
3.16286192431	-0
3.15883280084	-0
3.1548139296	-0
3.15080527149	-0
3.14680678764	-0
3.14281843937	-0
3.13884018818	-0
3.13487199578	-0
3.13091382407	-0
3.12696563513	-0
3.12302739126	-0
3.11909905492	-0
3.11518058877	-0
3.11127195566	-0
3.10737311862	-0
3.10348404088	-0
3.09960468583	-0
3.09573501706	-0
3.09187499833	-0
3.0880245936	-0
3.08418376699	-0
3.08035248281	-0
3.07653070554	-0
3.07271839983	-0
3.06891553052	215.804110609
3.06512206262	145.103972299
3.06133796131	172.280829106
3.05756319194	229.055615061
3.05379772003	252.874478635
3.05004151127	255.658880174
3.04629453153	274.760156475
3.04255674682	266.781865555
3.03882812336	298.774588497
3.03510862749	270.857864846
3.03139822575	347.89474145
3.02769688481	324.887688564
3.02400457154	366.571478489
3.02032125294	365.590785438
3.01664689618	424.244885685
3.01298146861	396.124784925
3.0093249377	445.096428126
3.00567727111	456.846391217
3.00203843664	414.750692798
2.99840840225	481.929148
2.99478713607	435.112027378
2.99117460635	510.280377535
2.98757078152	536.517622602
2.98397563016	501.08657477
2.98038912099	555.264868721
2.97681122288	532.824184265
2.97324190487	548.180560972
2.96968113612	539.404181116
2.96612888596	585.101582087
2.96258512385	573.883953456
2.95904981941	556.584004474
2.95552294239	560.328904177
2.95200446269	581.859655399
2.94849435037	614.565925177
2.94499257561	578.82511631
2.94149910873	603.607659134
2.93801392022	612.571156842
2.93453698067	607.911816944
2.93106826083	640.379925391
2.9276077316	599.700005771
2.92415536399	608.360770359
2.92071112917	610.600155911
2.91727499843	620.018419276
2.9138469432	656.988126079
2.91042693505	617.36890449
2.90701494568	663.555278789
2.90361094691	635.401809197
2.90021491072	664.19607159
2.89682680918	660.487557809
2.89344661454	665.812689393
2.89007429914	658.065909046
2.88670983546	662.538866003
2.88335319612	658.509791388
2.88000435385	663.406717231
2.87666328151	692.963645846
2.8733299521	647.131859796
2.87000433873	686.595895342
2.86668641464	671.683174717
2.86337615319	678.191267518
2.86007352787	705.059550086
2.85677851228	716.424050859
2.85349108016	684.518255577
2.85021120536	691.906757727
2.84693886184	678.917099548
2.84367402369	723.595048789
2.84041666513	695.418144575
2.83716676048	691.012640848
2.83392428419	700.437603821
2.8306892108	682.975517535
2.82746151501	692.793837649
2.8242411716	680.250711526
2.82102815547	691.51724419
2.81782244166	660.480319725
2.81462400529	675.773297685
2.81143282161	672.438313832
2.80824886598	678.225397974
2.80507211387	672.353202233
2.80190254086	689.99328029
2.79874012264	644.464729494
2.79558483502	658.011355929
2.7924366539	653.775637914
2.7892955553	638.502965166
2.78616151535	670.259007628
2.78303451028	647.992657897
2.77991451644	637.157263028
2.77680151026	625.547994334
2.7736954683	614.994766837
2.77059636722	619.773614651
2.76750418377	586.11677209
2.76441889483	592.281872974
2.76134047735	599.69407491
2.75826890841	597.02659471
2.75520416518	553.431559599
2.75214622493	602.796388123
2.74909506504	553.132529473
2.74605066297	548.437978617
2.74301299631	570.965979387
2.73998204272	548.139491313
2.73695777998	529.815971006
2.73394018596	520.123771835
2.73092923861	508.045901581
2.72792491602	509.154409285
2.72492719633	507.307455942
2.72193605781	485.929073283
2.7189514788	454.769374881
2.71597343775	484.804757323
2.7130019132	471.685667596
2.71003688378	439.674224158
2.70707832823	432.586992706
2.70412622537	425.658377607
2.7011805541	383.331174495
2.69824129343	363.9043363
2.69530842246	389.273672282
2.69238192037	329.34467089
2.68946176644	324.38403941
2.68654794005	287.209968148
2.68364042063	288.278234534
2.68073918774	310.732141344
2.67784422102	223.150345337
2.67495550017	151.265493289
2.67207300502	162.21891018
2.66919671546	92.2614101685
2.66632661146	158.529897831
2.66346267311	-0
2.66060488054	-0
2.657753214	-0
2.65490765381	-0
2.65206818039	-0
2.64923477421	-0
2.64640741586	-0
2.64358608599	-0
2.64077076535	-0
2.63796143475	-0
2.63515807509	-0
2.63236066737	-0
2.62956919264	-0
2.62678363206	-0
2.62400396684	-0
2.62123017829	-0
2.6184622478	-0
2.61570015682	-0
2.61294388689	-0
2.61019341964	-0
2.60744873676	-0
2.60470982002	-0
2.60197665127	-0
2.59924921243	-0
2.59652748551	-0
2.59381145258	-0
2.59110109578	-0
2.58839639735	-0
2.58569733958	-0
2.58300390486	-0
2.58031607561	-0
2.57763383437	-0
2.57495716372	-0
2.57228604633	-0
2.56962046493	-0
2.56696040234	-0
2.56430584143	-0
2.56165676515	-0
2.55901315651	-0
2.55637499862	-0
2.55374227463	-0
2.55111496776	-0
2.54849306132	-0
2.54587653867	-0
2.54326538324	-0
2.54065957855	-0
2.53805910815	-0
2.53546395569	-0
2.53287410486	-0
2.53028953945	-0
2.52771024328	-0
2.52513620027	-0
2.52256739437	-0
2.52000380962	-0
2.51744543011	-0
2.51489224002	-0
2.51234422357	-0
2.50980136504	-0
2.5072636488	-0
2.50473105925	-0
2.50220358089	-0
2.49968119825	-0
2.49716389593	-0
2.49465165861	-0
2.49214447102	-0
2.48964231793	-0
2.48714518421	-0
2.48465305477	-0
2.48216591458	-0
2.47968374866	-0
2.47720654212	-0
2.4747342801	-0
2.47226694782	-0
2.46980453054	-0
2.46734701359	-0
2.46489438237	-0
2.46244662231	-0
2.46000371891	-0
2.45756565774	-0
2.45513242442	-0
2.45270400461	-0
2.45028038405	-0
2.44786154853	-0
2.44544748389	-0
2.44303817602	-0
2.44063361089	-0
2.4382337745	-0
2.43583865291	-0
2.43344823225	-0
2.43106249869	-0
2.42868143845	-0
2.42630503783	-0
2.42393328315	-0
2.4215661608	-0
2.41920365723	-0
2.41684575893	-0
2.41449245245	-0
2.41214372438	-0
2.40979956138	-0
2.40745995016	-0
2.40512487746	-0
2.4027943301	-0
2.40046829493	-0
2.39814675886	-0
2.39582970885	-0
2.39351713191	-0
2.3912090151	-0
2.38890534553	-0
2.38660611036	-0
2.38431129679	-0
2.38202089209	-0
2.37973488355	-0
2.37745325854	-0
2.37517600447	-0
2.37290310877	-0
2.37063455895	-0
2.36837034256	-0
2.3661104472	-0
2.3638548605	-0
2.36160357015	-0
2.3593565639	-0
2.35711382953	-0
2.35487535485	-0
2.35264112776	-0
2.35041113617	-0
2.34818536805	-0
2.34596381141	-0
2.34374645431	-0
2.34153328486	-0
2.33932429119	-0
2.33711946151	-0
2.33491878405	-0
2.3327222471	-0
2.33052983897	-0
2.32834154804	-0
2.32615736272	-0
2.32397727147	-0
2.32180126279	-0
2.31962932522	-0
2.31746144735	-0
2.3152976178	-0
2.31313782524	-0
2.3109820584	-0
2.30883030602	-0
2.30668255689	-0
2.30453879987	-0
2.30239902383	-0
2.30026321768	-0
2.2981313704	-0
2.29600347098	-0
2.29387950848	-0
2.29175947196	-0
2.28964335057	-0
2.28753113345	-0
2.28542280983	-0
2.28331836893	-0
2.28121780006	-0
2.27912109252	-0
2.27702823569	-0
2.27493921896	-0
2.27285403177	-0
2.27077266361	-0
2.26869510399	-0
2.26662134247	-0
2.26455136864	-0
2.26248517214	-0
2.26042274263	-0
2.25836406982	-0
2.25630914346	-0
2.25425795333	-0
2.25221048925	-0
2.25016674107	-0
2.2481266987	-0
2.24609035205	-0
2.2440576911	-0
2.24202870584	-0
2.24000338633	-0
2.23798172262	-0
2.23596370483	-0
2.23394932312	-0
2.23193856765	-0
2.22993142865	-0
2.22792789637	-0
2.2259279611	-0
2.22393161315	-0
2.22193884289	-0
2.2199496407	-0
2.21796399701	-0
2.21598190229	-0
2.21400334702	-0
2.21202832173	-0
2.21005681699	-0
2.20808882339	-0
2.20612433155	-0
2.20416333214	-0
2.20220581586	-0
2.20025177344	-0
2.19830119562	-0
2.19635407322	-0
2.19441039705	-0
2.19247015797	-0
2.19053334687	-0
2.18859995469	-0
2.18666997237	-0
2.18474339089	-0
2.18282020129	-0
2.1809003946	-0
2.17898396192	-0
2.17707089435	-0
2.17516118304	-0
2.17325481916	-0
2.17135179392	-0
2.16945209857	-0
2.16755572435	-0
2.16566266259	-0
2.16377290459	-0
2.16188644173	-0
2.16000326539	-0
2.15812336698	-0
2.15624673797	-0
2.15437336982	-0
2.15250325405	-0
2.15063638219	-0
2.14877274581	-0
2.1469123365	-0
2.1450551459	-0
2.14320116565	-0
2.14135038745	-0
2.13950280299	-0
2.13765840402	-0
2.13581718231	-0
2.13397912966	-0
2.13214423789	-0
2.13031249885	-0
2.12848390443	-0
2.12665844654	-0
2.12483611711	-0
2.1230169081	-0
2.12120081152	-0
2.11938781937	-0
2.11757792371	-0
2.11577111661	-0
2.11396739016	-0
2.11216673651	-0
2.1103691478	-0
2.10857461621	-0
2.10678313395	-0
2.10499469326	-0
2.1032092864	-0
2.10142690565	-0
2.09964754332	-0
2.09787119176	-0
2.09609784333	110.652406151
2.09432749042	166.788016729
2.09256012545	178.854448218
2.09079574086	198.915429536
2.08903432912	215.764606506
2.08727588271	254.755833371
2.08552039416	289.357645593
2.08376785602	295.096505734
2.08201826084	314.97768712
2.08027160123	296.591993821
2.07852786979	303.037473467
2.07678705918	349.901968029
2.07504916206	353.669276531
2.07331417112	361.351242701
2.07158207908	381.217247475
2.06985287868	401.494139995
2.06812656269	393.342600124
2.06640312388	409.735365548
2.06468255509	243.429956956
2.06296484914	277.478128521
2.06124999889	288.859558946
2.05953799723	335.505371861
2.05782883706	335.368077383
2.05612251133	330.535378633
2.05441901298	369.744133749
2.05271833499	352.724605623
2.05102047036	355.121899945
2.04932541212	387.516860224
2.04763315331	387.091599825
2.04594368701	405.202077749
2.04425700632	404.42313255
2.04257310433	416.450747657
2.04089197421	428.203423448
2.0392136091	425.064657297
2.03753800219	453.325554057
2.03586514668	463.168792732
2.03419503582	457.89014606
2.03252766284	469.224240595
2.03086302102	484.640760747
2.02920110365	476.452554308
2.02754190406	501.890168587
2.02588541557	496.020667507
2.02423163156	500.006145225
2.0225805454	512.764597621
2.0209321505	536.76242113
2.01928644028	537.316481433
2.01764340819	529.788247779
2.01600304769	543.284799935
2.01436535228	535.266041422
2.01273031547	554.741720892
2.01109793079	559.498869618
2.00946819178	560.21211788
2.00784109203	571.054248563
2.00621662513	566.359582702
2.00459478469	576.789049558
2.00297556435	570.851669521
2.00135895776	594.110276521
1.9997449586	606.009594262
1.99813356057	587.391031532
1.99652475738	605.334470113
1.99491854277	610.138171709
1.9933149105	611.065807418
1.99171385435	627.184874893
1.99011536811	614.828231595
1.9885194456	622.570389267
1.98692608066	635.41670063
1.98533526714	643.224732774
1.98374699893	625.633516187
1.98216126991	636.34107554
1.98057807401	642.089675911
1.97899740516	652.03041112
1.97741925731	654.731177623
1.97584362443	661.045212493
1.97427050053	644.726413739
1.9726998796	661.667384832
1.97113175569	663.492131107
1.96956612285	664.311984821
1.96800297513	671.058692618
1.96644230663	678.46629283
1.96488411146	678.182289042
1.96332838374	682.796689025
1.96177511761	692.140879097
1.96022430724	684.36833787
1.95867594681	686.648293256
1.95713003051	696.53904321
1.95558655257	685.772230541
1.95404550722	691.548644442
1.95250688871	698.058340389
1.95097069132	699.968994917
1.94943690933	699.95011452
1.94790553705	712.394706643
1.94637656881	707.008916729
1.94484999895	708.549215203
1.94332582184	716.895256578
1.94180403184	726.92639674
1.94028462337	718.51434222
1.93876759082	731.966970315
1.93725292864	730.835071584
1.93574063127	718.599408398
1.93423069318	729.584886419
1.93272310886	729.828468899
1.93121787279	730.890125504
1.9297149795	738.865252366
1.92821442353	736.243289189
1.92671619943	733.064763032
1.92522030176	732.567808678
1.92372672511	745.104566989
1.92223546408	739.392625592
1.92074651329	743.107490865
1.91925986739	748.177701553
1.91777552101	741.564788244
1.91629346883	749.170651582
1.91481370553	745.954271
1.91333622582	754.280420761
1.91186102441	751.345165986
1.91038809604	757.017846162
1.90891743546	751.608221829
1.90744903743	745.554100068
1.90598289674	759.633513994
1.90451900819	742.922595478
1.90305736659	759.553137875
1.90159796677	748.216058015
1.90014080357	750.648536642
1.89868587187	747.16302014
1.89723316654	753.965537585
1.89578268246	752.315759601
1.89433441456	752.600248447
1.89288835776	754.397506683
1.89144450699	755.659161174
1.89000285721	753.495027496
1.8885634034	756.161043046
1.88712614053	740.24671412
1.88569106362	755.943013473
1.88425816768	762.077721866
1.88282744773	747.764590925
1.88139889883	752.956725142
1.87997251604	755.687297132
1.87854829444	747.941051805
1.87712622912	757.568964633
1.87570631518	755.660016508
1.87428854774	752.357926566
1.87287292195	747.001109056
1.87145943295	747.251429785
1.87004807591	751.048011845
1.86863884602	740.521029196
1.86723173845	744.711279737
1.86582674843	744.901035558
1.86442387117	747.364706706
1.86302310192	741.35255567
1.86162443593	739.122487873
1.86022786846	734.076068703
1.8588333948	748.496676926
1.85744101023	742.715751563
1.85605071008	729.070738971
1.85466248965	730.853221534
1.85327634429	740.383357451
1.85189226935	737.203364044
1.8505102602	722.037936113
1.8491303122	726.856022717
1.84775242076	731.782486995
1.84637658128	735.193211363
1.84500278918	733.036657916
1.8436310399	718.873798999
1.84226132887	714.9446848
1.84089365157	728.542917942
1.83952800346	729.634362325
1.83816438003	721.247015817
1.83680277679	711.977776795
1.83544318924	703.727001771
1.83408561292	712.738116152
1.83273004336	706.60156439
1.83137647612	711.131474469
1.83002490676	706.172651312
1.82867533087	711.532032087
1.82732774404	707.076166902
1.82598214187	702.651156976
1.82463851999	697.394126877
1.82329687402	699.483256393
1.8219571996	695.2710911
1.82061949241	686.955380427
1.8192837481	676.097360726
1.81794996236	687.912380846
1.81661813089	676.048132408
1.81528824939	670.954631526
1.81396031358	665.972351698
1.8126343192	674.36939848
1.81131026199	684.881580911
1.80998813771	672.037407097
1.80866794213	663.283367963
1.80734967104	654.993654081
1.80603332022	662.198757837
1.80471888549	660.018068476
1.80340636266	652.075492309
1.80209574757	665.038159819
1.80078703607	657.134985971
1.79948022399	650.925164591
1.79817530722	637.725683947
1.79687228164	630.524756261
1.79557114313	628.20235092
1.7942718876	628.972379212
1.79297451096	620.587155179
1.79167900915	626.636672621
1.7903853781	625.295544079
1.78909361375	624.316305167
1.78780371209	608.388529344
1.78651566906	602.680129929
1.78522948068	600.646919043
1.78394514292	598.895812846
1.78266265181	625.677777901
1.78138200335	582.887344514
1.78010319358	584.748741671
1.77882621855	596.205659596
1.77755107431	586.425129095
1.77627775692	588.918670907
1.77500626246	596.930466856
1.77373658703	566.0214338
1.77246872671	582.23853301
1.77120267762	565.936066928
1.76993843588	557.814503625
1.76867599762	573.381757999
1.76741535899	569.279737604
1.76615651614	557.515929113
1.76489946524	542.515875901
1.76364420246	545.214267578
1.762390724	554.514987149
1.76113902604	537.997281826
1.7598891048	524.348742038
1.7586409565	521.96924953
1.75739457736	517.864873415
1.75614996364	527.905850772
1.75490711158	525.537358439
1.75366601744	513.878637441
1.7524266775	513.390916699
1.75118908804	505.684663402
1.74995324535	504.809720158
1.74871914574	496.808386705
1.74748678553	496.796172505
1.74625616103	486.048227414
1.74502726859	493.680082421
1.74380010454	476.995892748
1.74257466526	487.44699367
1.74135094709	483.774580862
1.74012894643	489.093469916
1.73890865965	461.980930688
1.73769008315	465.045627076
1.73647321335	440.086114499
1.73525804665	439.117494318
1.73404457948	432.825630324
1.73283280829	434.063374397
1.73162272951	446.790407228
1.73041433961	430.642829576
1.72920763505	409.91146304
1.72800261231	435.414339763
1.72679926787	417.067977541
1.72559759823	428.892627765
1.7243975999	387.826517801
1.7231992694	417.724804845
1.72200260324	404.520286065
1.72080759796	395.033371204
1.71961425011	390.121290735
1.71842255625	377.53807915
1.71723251292	387.507932338
1.71604411672	373.438507376
1.71485736422	344.883460352
1.71367225201	369.448622213
1.7124887767	359.24552945
1.71130693489	330.225724776
1.71012672322	329.575785917
1.70894813829	355.405305685
1.70777117676	345.617046611
1.70659583528	353.685890295
1.7054221105	320.44696138
1.70424999908	297.749723336
1.70307949771	316.725683201
1.70191060306	338.719067062
1.70074331184	327.037912809
1.69957762074	314.475970616
1.69841352648	311.835298035
1.69725102578	324.571293847
1.69609011536	311.457912928
1.69493079198	299.232117987
1.69377305236	272.804135461
1.69261689328	271.81740119
1.6914623115	267.525090469
1.69030930379	307.935778325
1.68915786694	227.409305654
1.68800799773	254.511503448
1.68685969297	248.817718828
1.68571294946	253.56150247
1.68456776404	278.972537408
1.68342413351	225.440522689
1.68228205472	242.74716282
1.68114152452	239.865412878
1.68000253974	223.58132815
1.67886509727	170.161565695
1.67772919395	204.394867072
1.67659482668	161.768722085
1.67546199234	207.44120737
1.67433068782	159.983665068
1.67320091003	155.930883503
1.67207265587	197.081578166
1.67094592228	181.272494036
1.66982070617	158.101336746
1.66869700448	162.43547592
1.66757481416	172.606208605
1.66645413217	205.52251838
1.66533495545	149.81701152
1.66421728098	191.347133304
1.66310110574	168.645308543
1.66198642672	69.0451413059
1.6608732409	62.9990631399
1.65976154529	158.463983189
1.6586513369	109.805003546
1.65754261274	84.2551630096
1.65643536985	-0
1.65532960525	141.516341841
1.65422531599	76.6421316456
1.65312249911	107.564475172
1.65202115167	100.06167716
1.65092127075	36.4140278138
1.6498228534	128.701437918
1.64872589672	-0
1.64763039778	36.3782034413
1.64653635369	95.2854482672
1.64544376155	59.6410629714
1.64435261848	-0
1.64326292158	14.8838419265
1.64217466799	56.4988808951
1.64108785484	-0
1.64000247927	-0
1.63891853844	55.8857684558
1.6378360295	78.0417460228
1.63675494961	-0
1.63567529595	27.0584857889
1.6345970657	116.68352594
1.63352025604	50.15705679
1.63244486416	-0
1.63137088728	-0
1.63029832259	103.364455679
1.62922716732	20.0556017269
1.62815741869	-0
1.62708907393	-0
1.62602213027	13.1100026877
1.62495658497	-0
1.62389243527	107.04788174
1.62282967844	-0
1.62176831175	-0
1.62070833246	43.1963719536
1.61964973786	-0
1.61859252524	-0
1.61753669189	-0
1.61648223511	-0
1.61542915222	-0
1.61437744054	-0
1.61332709737	-0
1.61227812007	134.809661551
1.61123050595	142.218510583
1.61018425238	-0
1.60913935669	68.1691359409
1.60809581625	-0
1.60705362843	-0
1.60601279058	-0
1.6049733001	-0
1.60393515437	-0
1.60289835078	-0
1.60186288673	-0
1.60082875963	164.951500694
1.59979596688	91.1071516975
1.59876450591	132.476486448
1.59773437414	48.1049988339
1.596705569	142.06848903
1.59567808794	100.98970919
1.5946519284	72.1913608186
1.59362708783	149.920965834
1.59260356369	-0
1.59158135344	-0
1.59056045456	123.958864202
1.58954086453	50.3026167926
1.58852258082	204.649653725
1.58750560094	136.834184771
1.58648992237	122.562593323
1.58547554262	128.27312032
1.58446245921	167.294950609
1.58345066964	215.36592028
1.58244017145	120.179606534
1.58143096216	74.4973047606
1.5804230393	167.383282788
1.57941640042	217.228989528
1.57841104307	165.0486001
1.5774069648	169.634614208
1.57640416317	59.8149852215
1.57540263574	164.934961352
1.5744023801	158.002385891
1.57340339382	219.551925816
1.57240567448	205.789470805
1.57140921968	236.600408434
1.57041402702	162.557006388
1.56942009409	155.63407424
1.56842741851	242.93298468
1.56743599789	224.563982991
1.56644582986	243.297400422
1.56545691203	220.835393001
1.56446924206	223.924763531
1.56348281757	289.554717241
1.56249763621	218.811983355
1.56151369563	260.917657457
1.56053099349	206.042845441
1.55954952746	191.556025468
1.5585692952	233.287741708
1.55759029439	244.729923677
1.5566125227	223.581389093
1.55563597783	230.158577416
1.55466065747	260.308230264
1.55368655931	217.516578601
1.55271368107	223.427496351
1.55174202044	254.530995828
1.55077157515	260.403058248
1.54980234291	289.516248671
1.54883432146	258.7223991
1.54786750853	275.841711587
1.54690190185	234.512171105
1.54593749917	261.466915259
1.54497429823	272.61213146
1.5440122968	257.068893568
1.54305149263	247.133181928
1.5420918835	291.149693058
1.54113346716	279.848332174
1.5401762414	251.047233249
1.53922020401	289.973042961
1.53826535277	333.323116372
1.53731168547	321.130448796
1.53635919991	319.72325262
1.53540789391	262.389655078
1.53445776526	283.845560384
1.53350881179	299.413707029
1.53256103131	310.796076784
1.53161442166	306.641173235
1.53066898066	324.509806859
1.52972470615	300.754444327
1.52878159597	299.897633532
1.52783964797	321.536511772
1.52689886001	344.292812863
1.52595922995	336.108455463
1.52502075563	346.926411143
1.52408343495	336.168027162
1.52314726576	347.965181666
1.52221224596	300.617572732
1.52127837341	331.743684209
1.52034564602	321.38703101
1.51941406168	311.055336103
1.51848361829	319.07123086
1.51755431375	333.16464603
1.51662614597	350.071646239
1.51569911287	357.433958824
1.51477321238	377.423786757
1.51384844241	387.555569592
1.51292480089	340.668286995
1.51200228577	361.331458113
1.51108089498	379.310887032
1.51016062647	368.730368078
1.50924147819	370.775317716
1.50832344809	342.089085843
1.50740653414	388.634763932
1.5064907343	381.296857376
1.50557604655	358.714607322
1.50466246885	341.770517138
1.50374999919	366.70873671
1.50283863555	395.494804476
1.50192837593	325.447874729
1.50101921832	367.859675605
1.50011116072	333.208496941
1.49920420113	352.292841319
1.49829833756	384.887151759
1.49739356803	384.98760856
1.49648989056	361.612602249
1.49558730317	376.62629799
1.4946858039	349.826383621
1.49378539076	380.338754049
1.49288606181	390.185167
1.49198781508	413.271131491
1.49109064862	383.150074737
1.49019456049	416.946383674
1.48929954875	402.896882429
1.48840561144	397.326889195
1.48751274665	424.547212624
1.48662095244	408.111218132
1.48573022688	403.420623058
1.48484056806	386.462006238
1.48395197406	385.467383991
1.48306444298	363.711042465
1.4821779729	406.229628343
1.48129256192	386.558232253
1.48040820816	380.663532015
1.4795249097	400.639243146
1.47864266468	403.553044878
1.47776147119	388.527560182
1.47688132737	382.408826903
1.47600223135	411.838201261
1.47512418124	381.212097666
1.47424717519	407.445935236
1.47337121133	410.328104537
1.4724962878	414.511723294
1.47162240277	389.684229202
1.47074955437	439.096997069
1.46987774076	414.100305488
1.46900696011	413.978053451
1.46813721058	416.386473039
1.46726849033	386.641033436
1.46640079755	409.435983037
1.46553413041	399.352200796
1.4646684871	420.640628089
1.4638038658	406.572406397
1.4629402647	423.149283414
1.46207768199	427.844237525
1.46121611589	425.155442552
1.46035556458	401.806514326
1.45949602629	408.033068572
1.45863749921	415.991863777
1.45777998158	405.626861194
1.4569234716	405.125803251
1.45606796751	405.831245589
1.45521346752	442.017734729
1.45435996989	440.757645307
1.45350747284	430.190531247
1.45265597461	411.000349844
1.45180547346	440.279005983
1.45095596762	467.010035422
1.45010745536	415.068816266
1.44925993493	421.05734706
1.44841340459	426.209532334
1.44756786262	456.862069223
1.44672330727	410.727029339
1.44587973683	412.859140356
1.44503714957	417.824562829
1.44419554378	448.50772456
1.44335491773	435.803343454
1.44251526973	436.517085132
1.44167659806	434.891552175
1.44083890102	451.47928245
1.44000217692	465.19901805
1.43916642406	471.813222366
1.43833164076	432.017715336
1.43749782531	448.278458021
1.43666497605	436.107680476
1.43583309129	389.113954288
1.43500216936	455.799158399
1.4341722086	426.610822902
1.43334320732	465.005218907
1.43251516387	421.452029842
1.43168807659	487.249992689
1.43086194383	450.19575073
1.43003676393	417.911585813
1.42921253525	440.17381788
1.42838925614	426.628706671
1.42756692496	467.960259687
1.42674554008	452.577905845
1.42592509986	453.280704725
1.42510560268	437.562857457
1.42428704691	424.069563234
1.42346943092	414.945799763
1.4226527531	395.024893751
1.42183701185	410.679924586
1.42102220554	479.03724772
1.42020833257	434.54829673
1.41939539133	417.962774521
1.41858338024	427.864455466
1.41777229769	431.269599123
1.41696214209	389.422063549
1.41615291186	382.644083825
1.4153446054	464.382657086
1.41453722114	483.304459161
1.4137307575	474.51898541
1.41292521291	505.083002589
1.4121205858	462.690258086
1.41131687459	479.249266486
1.41051407774	481.963783343
1.40971219367	445.432327388
1.40891122083	426.485747637
1.40811115767	311.324271113
1.40731200265	397.7956935
1.4065137542	481.522146217
1.40571641081	400.416533693
1.40491997091	500.156990126
1.40412443299	347.527617516
1.40332979551	449.395800576
1.40253605694	393.45402886
1.40174321575	389.410117604
1.40095127043	441.537322405
1.40016021946	470.148925152
1.39937006132	426.239328843
1.39858079451	495.335107016
1.39779241751	348.89760855
1.39700492882	431.791855676
1.39621832695	345.926666657
1.39543261039	398.18498992
1.39464777765	388.285695394
1.39386382724	460.345759594
1.39308075768	347.193690035
1.39229856747	394.323085953
1.39151725514	584.739910915
1.39073681922	425.965279337
1.38995725822	453.516596708
1.38917857068	315.06894401
1.38840075513	421.880456677
1.38762381011	313.393383105
1.38684773415	474.571249548
1.3860725258	476.851692944
1.38529818361	437.403189157
1.38452470612	439.504801359
1.38375209189	429.691348749
1.38298033947	450.351451235
1.38220944741	309.665749789
1.3814394143	101.319696896
1.38067023868	269.147934609
1.37990191912	514.005476598
1.37913445421	364.644533341
1.3783678425	569.99070787
1.37760208259	486.684162657
1.37683717305	284.329500229
1.37607311247	349.855842774
1.37530989942	541.076308365
1.37454753252	450.181867677
1.37378601034	491.245757328
1.37302533149	404.92585403
1.37226549456	303.947504052
1.37150649815	451.297671804
1.37074834089	306.83986498
1.36999102136	229.340085156
1.36923453819	462.688826944
1.36847888999	504.113500959
1.36772407538	522.647161411
1.36697009298	569.189211644
1.36621694141	-0
1.36546461931	477.246833053
1.3647131253	509.81470171
1.36396245801	267.661256715
1.36321261609	93.0154180386
1.36246359817	585.679083287
1.36171540289	385.031264303
1.3609680289	336.053895645
1.36022147486	341.843858222
1.3594757394	180.294812777
1.35873082118	516.177710348
1.35798671887	-0
1.35724343112	218.53355549
1.3565009566	450.401953763
1.35575929397	237.353204673
1.35501844189	392.269189655
1.35427839905	341.803992724
1.35353916412	384.861664179
1.35280073577	398.713660044
1.35206311268	-0
1.35132629355	605.767392195
1.35059027705	392.207813224
1.34985506187	-0
1.34912064671	153.8598903
1.34838703027	-0
1.34765421123	334.20183189
1.3469221883	366.810991936
1.34619096019	402.219917133
1.34546052559	305.787220672
1.34473088322	504.924310402
1.3440020318	464.75475304
1.34327397002	570.929415648
1.34254669662	384.81452103
1.34182021031	748.643251689
1.34109450982	367.589209835
1.34036959387	481.606973148
1.33964546119	-0
1.33892211051	567.217551323
1.33819954056	383.507535065
1.33747775009	331.162800717
1.33675673782	-0
1.33603650251	-0
1.3353170429	425.872952742
1.33459835773	-0
1.33388044576	563.100997542
1.33316330573	-0
1.33244693641	418.703857065
1.33173133655	-0
1.33101650492	259.770713647
1.33030244027	274.457090409
1.32958914137	-0
1.328876607	552.644023052
1.32816483592	512.621693186
1.32745382691	651.006692097
1.32674357874	224.606533408
1.32603409019	823.426181371
1.32532536005	529.974222323
1.32461738711	363.90267992
1.32391017013	578.821470146
1.32320370793	458.428225902
1.32249799929	708.889034481
1.321793043	493.873605531
1.32108883786	314.67992948
1.32038538267	-0
1.31968267624	-0
1.31898071737	231.469289104
1.31827950487	-0
1.31757903755	-0
1.31687931421	579.545060962
1.31618033368	675.834838925
1.31548209478	-0
1.31478459632	123.849874495
1.31408783713	-0
1.31339181603	274.964809363
1.31269653185	422.341306793
1.31200198342	763.809893762
1.31130816957	534.472432021
1.31061508914	-0
1.30992274097	-0
1.3092311239	-0
1.30854023676	715.132359945
1.30785007841	370.754124242
1.30716064769	536.247820606
1.30647194345	367.948957695
1.30578396454	617.985192972
