 # PENELOPE >>>  Electron mean free paths (mfp).
 #
 # NOTE: The xs for inner shell ionization (isi) is listed only for
 #       completeness. The xs for inelastic collisions (in) has been
 #       calculated by considering all inelastic events, including isi.
 #       The bremss (br) xs is for emission of photons with W >10 eV.
 #
 #   Energy       mfp_el       mfp_in       mfp_br      mfp_tot      mfp_isi
 #    (keV)        (cm)         (cm)         (cm)         (cm)         (cm)
 #------------------------------------------------------------------------------
   4.99995E-02  2.12740E-08  2.52701E-08  8.06350E-03  1.15502E-08  1.00000E+35
   5.44069E-02  2.22976E-08  2.61335E-08  8.19508E-03  1.20318E-08  1.00000E+35
   5.92029E-02  2.33574E-08  2.71305E-08  8.34167E-03  1.25515E-08  1.00000E+35
   6.44216E-02  2.44429E-08  2.82567E-08  8.50250E-03  1.31059E-08  1.00000E+35
   7.01004E-02  2.55584E-08  2.95115E-08  8.67701E-03  1.36965E-08  1.00000E+35
   7.62797E-02  2.67144E-08  3.08965E-08  8.86478E-03  1.43268E-08  1.00000E+35
   8.30037E-02  2.79166E-08  3.24155E-08  9.06551E-03  1.49991E-08  1.00000E+35
   9.03205E-02  2.91713E-08  3.40739E-08  9.27902E-03  1.57163E-08  1.00000E+35
   9.82822E-02  3.04865E-08  3.58784E-08  9.50522E-03  1.64817E-08  1.00000E+35
   1.06946E-01  3.18705E-08  3.78367E-08  9.74407E-03  1.72991E-08  1.00000E+35
   1.16373E-01  3.33314E-08  3.99582E-08  9.99562E-03  1.81726E-08  1.00000E+35
   1.26631E-01  3.48781E-08  4.22528E-08  1.02600E-02  1.91064E-08  4.18930E-04
   1.37794E-01  3.65203E-08  4.47319E-08  1.05372E-02  2.01055E-08  1.39253E-04
   1.49940E-01  3.82671E-08  4.74079E-08  1.08277E-02  2.11749E-08  7.89977E-05
   1.63157E-01  4.01284E-08  5.02945E-08  1.11315E-02  2.23200E-08  5.43881E-05
   1.77540E-01  4.21143E-08  5.22333E-08  1.14490E-02  2.33155E-08  4.12150E-05
   1.93190E-01  4.42350E-08  5.49446E-08  1.17806E-02  2.45057E-08  3.33099E-05
   2.10219E-01  4.65012E-08  5.80207E-08  1.21265E-02  2.58130E-08  2.80876E-05
   2.28750E-01  4.89238E-08  6.14075E-08  1.24871E-02  2.72297E-08  2.45742E-05
   2.48914E-01  5.15142E-08  6.50987E-08  1.28630E-02  2.87575E-08  2.20094E-05
   2.70856E-01  5.42842E-08  6.89840E-08  1.32545E-02  3.03787E-08  2.01024E-05
   2.94732E-01  5.72460E-08  7.30963E-08  1.36622E-02  3.21036E-08  1.86582E-05
   3.20712E-01  6.04127E-08  7.76289E-08  1.40865E-02  3.39735E-08  1.76117E-05
   3.48983E-01  6.37977E-08  8.24134E-08  1.45280E-02  3.59602E-08  1.68093E-05
   3.79746E-01  6.74158E-08  8.75306E-08  1.49873E-02  3.80837E-08  1.62060E-05
   4.13220E-01  7.12822E-08  9.30832E-08  1.54650E-02  4.03683E-08  1.57666E-05
   4.49645E-01  7.54134E-08  9.90895E-08  1.59618E-02  4.28225E-08  1.54704E-05
   4.89282E-01  7.98279E-08  1.05574E-07  1.64783E-02  4.54566E-08  1.52969E-05
   5.32412E-01  8.45446E-08  1.12568E-07  1.70152E-02  4.82820E-08  1.52258E-05
   5.79343E-01  8.95851E-08  1.20052E-07  1.75732E-02  5.13021E-08  1.52391E-05
   6.30412E-01  9.49731E-08  1.28119E-07  1.81532E-02  5.45417E-08  1.53412E-05
   6.85983E-01  1.00734E-07  1.36812E-07  1.87559E-02  5.80164E-08  1.55178E-05
   7.46452E-01  1.06896E-07  1.46174E-07  1.93821E-02  6.17432E-08  1.57700E-05
   8.12252E-01  1.13489E-07  1.56254E-07  2.00327E-02  6.57406E-08  1.60917E-05
   8.83852E-01  1.20549E-07  1.67104E-07  2.07086E-02  7.00293E-08  1.64843E-05
   9.61763E-01  1.28113E-07  1.78783E-07  2.14108E-02  7.46322E-08  1.69436E-05
   1.04654E+00  1.36222E-07  1.91352E-07  2.21403E-02  7.95737E-08  1.75025E-05
   1.13879E+00  1.44923E-07  2.04879E-07  2.29003E-02  8.48809E-08  1.81206E-05
   1.23918E+00  1.54265E-07  2.19436E-07  2.36966E-02  9.05834E-08  1.87606E-05
   1.34841E+00  1.64304E-07  2.35102E-07  2.45357E-02  9.67137E-08  1.95333E-05
   1.46727E+00  1.75101E-07  2.51961E-07  2.54248E-02  1.03307E-07  2.03510E-05
   1.59661E+00  1.86722E-07  2.70104E-07  2.63717E-02  1.10401E-07  2.12509E-05
   1.73735E+00  1.99240E-07  2.89629E-07  2.73807E-02  1.18038E-07  2.22230E-05
   1.89050E+00  2.12733E-07  3.10641E-07  2.84538E-02  1.26264E-07  2.32921E-05
   2.05715E+00  2.27290E-07  3.33254E-07  2.95932E-02  1.35128E-07  2.44185E-05
   2.23849E+00  2.43004E-07  3.57590E-07  3.08023E-02  1.44683E-07  2.56408E-05
   2.43581E+00  2.59978E-07  3.83779E-07  3.20870E-02  1.54987E-07  2.69805E-05
   2.65052E+00  2.78324E-07  4.11962E-07  3.34537E-02  1.66103E-07  2.84359E-05
   2.88417E+00  2.98163E-07  4.42291E-07  3.49093E-02  1.78099E-07  2.99859E-05
   3.13840E+00  3.19626E-07  4.74928E-07  3.64613E-02  1.91049E-07  3.16587E-05
   3.41505E+00  3.42856E-07  5.10047E-07  3.81162E-02  2.05031E-07  3.34620E-05
   3.71609E+00  3.68006E-07  5.47752E-07  3.98797E-02  2.20118E-07  3.54136E-05
   4.04366E+00  3.95243E-07  5.88348E-07  4.17576E-02  2.36419E-07  3.75020E-05
   4.40011E+00  4.24748E-07  6.32037E-07  4.37570E-02  2.54030E-07  3.97642E-05
   4.78798E+00  4.56714E-07  6.79042E-07  4.58877E-02  2.73057E-07  4.21961E-05
   5.21004E+00  4.91349E-07  7.29603E-07  4.81606E-02  2.93613E-07  4.48182E-05
   5.66930E+00  5.28881E-07  7.83983E-07  5.05862E-02  3.15822E-07  4.76334E-05
   6.16905E+00  5.69551E-07  8.42462E-07  5.31740E-02  3.39814E-07  5.06431E-05
   6.71284E+00  6.13621E-07  9.05338E-07  5.59337E-02  3.65731E-07  5.38927E-05
   7.30458E+00  6.61370E-07  9.72919E-07  5.88750E-02  3.93722E-07  5.73762E-05
   7.94848E+00  7.13098E-07  1.04554E-06  6.20073E-02  4.23946E-07  6.11126E-05
   8.64913E+00  7.69124E-07  1.12358E-06  6.53424E-02  4.56578E-07  6.51375E-05
   9.41155E+00  8.29797E-07  1.20741E-06  6.89071E-02  4.91800E-07  6.94499E-05
   1.02412E+01  8.95486E-07  1.29745E-06  7.27380E-02  5.29810E-07  7.40812E-05
   1.11439E+01  9.66575E-07  1.39411E-06  7.68576E-02  5.70809E-07  7.90608E-05
   1.21263E+01  1.04348E-06  1.49785E-06  8.12482E-02  6.15019E-07  8.43689E-05
   1.31952E+01  1.12665E-06  1.60914E-06  8.58755E-02  6.62671E-07  9.00708E-05
   1.43583E+01  1.21656E-06  1.72849E-06  9.06899E-02  7.14010E-07  9.61787E-05
   1.56240E+01  1.31370E-06  1.85641E-06  9.56262E-02  7.69293E-07  1.02715E-04
   1.70013E+01  1.41859E-06  1.99345E-06  1.00706E-01  8.28790E-07  1.09715E-04
   1.84999E+01  1.53177E-06  2.14019E-06  1.06083E-01  8.92781E-07  1.17201E-04
   2.01307E+01  1.65384E-06  2.29720E-06  1.11967E-01  9.61560E-07  1.25201E-04
   2.19052E+01  1.78537E-06  2.46509E-06  1.18560E-01  1.03543E-06  1.33751E-04
   2.38362E+01  1.92701E-06  2.64449E-06  1.25852E-01  1.11471E-06  1.42874E-04
   2.59373E+01  2.07938E-06  2.83603E-06  1.33761E-01  1.19972E-06  1.52601E-04
   2.82237E+01  2.24316E-06  3.04035E-06  1.42161E-01  1.29079E-06  1.62968E-04
   3.07116E+01  2.41901E-06  3.25809E-06  1.50879E-01  1.38826E-06  1.74015E-04
   3.34188E+01  2.60762E-06  3.48991E-06  1.59808E-01  1.49245E-06  1.85750E-04
   3.63646E+01  2.80968E-06  3.73642E-06  1.69064E-01  1.60371E-06  1.98225E-04
   3.95702E+01  3.02588E-06  3.99823E-06  1.78829E-01  1.72236E-06  2.11472E-04
   4.30583E+01  3.25687E-06  4.27594E-06  1.89282E-01  1.84872E-06  2.25480E-04
   4.68538E+01  3.50332E-06  4.57008E-06  2.00273E-01  1.98309E-06  2.40318E-04
   5.09840E+01  3.76584E-06  4.88114E-06  2.11446E-01  2.12576E-06  2.55980E-04
   5.54782E+01  4.04501E-06  5.20954E-06  2.22642E-01  2.27698E-06  2.72443E-04
   6.03686E+01  4.34133E-06  5.55561E-06  2.34349E-01  2.43697E-06  2.89931E-04
   6.56901E+01  4.65526E-06  5.91961E-06  2.47101E-01  2.60590E-06  3.08123E-04
   7.14806E+01  4.98714E-06  6.30165E-06  2.60854E-01  2.78390E-06  3.27333E-04
   7.77816E+01  5.33724E-06  6.70172E-06  2.75374E-01  2.97105E-06  3.47352E-04
   8.46381E+01  5.70567E-06  7.11965E-06  2.90365E-01  3.16732E-06  3.68229E-04
   9.20989E+01  6.09241E-06  7.55511E-06  3.05733E-01  3.37265E-06  3.90010E-04
   1.00217E+02  6.49730E-06  8.00757E-06  3.21563E-01  3.58687E-06  4.12612E-04
   1.09051E+02  6.91998E-06  8.47630E-06  3.37933E-01  3.80970E-06  4.35483E-04
   1.18664E+02  7.35991E-06  8.96032E-06  3.54797E-01  4.04078E-06  4.59621E-04
   1.29125E+02  7.81632E-06  9.45846E-06  3.72064E-01  4.27962E-06  4.84456E-04
   1.40507E+02  8.28828E-06  9.96927E-06  3.89623E-01  4.52564E-06  5.09555E-04
   1.52892E+02  8.77465E-06  1.04911E-05  4.07343E-01  4.77814E-06  5.35658E-04
   1.66370E+02  9.27397E-06  1.10219E-05  4.25096E-01  5.03628E-06  5.61762E-04
   1.81035E+02  9.78431E-06  1.15597E-05  4.42793E-01  5.29901E-06  5.87987E-04
   1.96994E+02  1.03044E-05  1.21019E-05  4.60349E-01  5.56544E-06  6.14617E-04
   2.14358E+02  1.08335E-05  1.26460E-05  4.77676E-01  5.83482E-06  6.41019E-04
   2.33254E+02  1.13672E-05  1.31893E-05  4.94660E-01  6.10526E-06  6.67361E-04
   2.53815E+02  1.18989E-05  1.37288E-05  5.11176E-01  6.37419E-06  6.93645E-04
   2.76189E+02  1.24246E-05  1.42616E-05  5.27095E-01  6.63986E-06  7.19210E-04
   3.00535E+02  1.29497E-05  1.47847E-05  5.42290E-01  6.90315E-06  7.44246E-04
   3.27027E+02  1.34788E-05  1.52950E-05  5.56628E-01  7.16468E-06  7.68387E-04
   3.55855E+02  1.40043E-05  1.57895E-05  5.69954E-01  7.42161E-06  7.91628E-04
   3.87223E+02  1.45178E-05  1.62656E-05  5.82112E-01  7.67094E-06  8.13789E-04
   4.21357E+02  1.50183E-05  1.67206E-05  5.92955E-01  7.91179E-06  8.34877E-04
   4.58499E+02  1.55045E-05  1.71521E-05  6.02423E-01  8.14327E-06  8.54381E-04
   4.98916E+02  1.59743E-05  1.75581E-05  6.10528E-01  8.36427E-06  8.72805E-04
   5.42895E+02  1.64254E-05  1.79368E-05  6.17292E-01  8.57380E-06  8.89469E-04
   5.90751E+02  1.68564E-05  1.82867E-05  6.22719E-01  8.77110E-06  9.04566E-04
   6.42825E+02  1.72659E-05  1.86070E-05  6.26818E-01  8.95558E-06  9.18175E-04
   6.99490E+02  1.76528E-05  1.88970E-05  6.29631E-01  9.12673E-06  9.30125E-04
   7.61150E+02  1.80161E-05  1.91565E-05  6.31218E-01  9.28427E-06  9.40257E-04
   8.28245E+02  1.83568E-05  1.93856E-05  6.31655E-01  9.42846E-06  9.48855E-04
   9.01255E+02  1.86737E-05  1.95849E-05  6.31032E-01  9.55908E-06  9.55928E-04
   9.80700E+02  1.89640E-05  1.97551E-05  6.29456E-01  9.67559E-06  9.61196E-04
   1.06715E+03  1.92324E-05  1.98975E-05  6.27034E-01  9.77949E-06  9.65075E-04
   1.16122E+03  1.94804E-05  2.00134E-05  6.23835E-01  9.87147E-06  9.67665E-04
   1.26358E+03  1.97067E-05  2.01044E-05  6.19911E-01  9.95162E-06  9.68970E-04
   1.37496E+03  1.99109E-05  2.01724E-05  6.15311E-01  1.00202E-05  9.68965E-04
   1.49616E+03  2.00945E-05  2.02194E-05  6.10084E-01  1.00782E-05  9.67781E-04
   1.62805E+03  2.02593E-05  2.02474E-05  6.04311E-01  1.01265E-05  9.65534E-04
   1.77156E+03  2.04067E-05  2.02586E-05  5.98210E-01  1.01660E-05  9.62323E-04
   1.92773E+03  2.05381E-05  2.02552E-05  5.92028E-01  1.01977E-05  9.58254E-04
   2.09765E+03  2.06546E-05  2.02394E-05  5.85992E-01  1.02223E-05  9.53357E-04
   2.28256E+03  2.07577E-05  2.02134E-05  5.80128E-01  1.02408E-05  9.47993E-04
   2.48377E+03  2.08490E-05  2.01793E-05  5.74297E-01  1.02542E-05  9.41951E-04
   2.70271E+03  2.09300E-05  2.01390E-05  5.68358E-01  1.02633E-05  9.35362E-04
   2.94096E+03  2.10018E-05  2.00943E-05  5.62171E-01  1.02688E-05  9.28358E-04
   3.20020E+03  2.10654E-05  2.00467E-05  5.55630E-01  1.02715E-05  9.20900E-04
   3.48230E+03  2.11216E-05  1.99974E-05  5.48866E-01  1.02719E-05  9.13370E-04
   3.78926E+03  2.11711E-05  1.99474E-05  5.42118E-01  1.02703E-05  9.05408E-04
   4.12328E+03  2.12152E-05  1.98974E-05  5.35610E-01  1.02674E-05  8.97385E-04
   4.48675E+03  2.12549E-05  1.98480E-05  5.29423E-01  1.02635E-05  8.89158E-04
   4.88225E+03  2.12899E-05  1.97994E-05  5.23445E-01  1.02586E-05  8.80799E-04
   5.31262E+03  2.13207E-05  1.97520E-05  5.17565E-01  1.02530E-05  8.72349E-04
   5.78093E+03  2.13480E-05  1.97058E-05  5.11814E-01  1.02468E-05  8.63915E-04
   6.29051E+03  2.13720E-05  1.96609E-05  5.06292E-01  1.02402E-05  8.55466E-04
   6.84502E+03  2.13929E-05  1.96172E-05  5.01029E-01  1.02331E-05  8.47024E-04
   7.44841E+03  2.14108E-05  1.95749E-05  4.95997E-01  1.02256E-05  8.38600E-04
   8.10498E+03  2.14258E-05  1.95337E-05  4.91168E-01  1.02178E-05  8.30230E-04
   8.81943E+03  2.14386E-05  1.94936E-05  4.86519E-01  1.02097E-05  8.21913E-04
   9.59686E+03  2.14495E-05  1.94545E-05  4.82038E-01  1.02015E-05  8.13673E-04
   1.04428E+04  2.14590E-05  1.94165E-05  4.77717E-01  1.01931E-05  8.05522E-04
   1.13634E+04  2.14673E-05  1.93794E-05  4.73548E-01  1.01848E-05  7.97460E-04
   1.23650E+04  2.14741E-05  1.93431E-05  4.69528E-01  1.01763E-05  7.89479E-04
   1.34550E+04  2.14791E-05  1.93076E-05  4.65653E-01  1.01676E-05  7.81628E-04
   1.46411E+04  2.14825E-05  1.92730E-05  4.61919E-01  1.01587E-05  7.73862E-04
   1.59317E+04  2.14841E-05  1.92391E-05  4.58319E-01  1.01496E-05  7.66219E-04
   1.73360E+04  2.14847E-05  1.92060E-05  4.54840E-01  1.01406E-05  7.58671E-04
   1.88642E+04  2.14850E-05  1.91737E-05  4.51460E-01  1.01316E-05  7.51261E-04
   2.05271E+04  2.14845E-05  1.91422E-05  4.48160E-01  1.01227E-05  7.43960E-04
   2.23365E+04  2.14831E-05  1.91115E-05  4.44928E-01  1.01138E-05  7.36796E-04
   2.43055E+04  2.14811E-05  1.90817E-05  4.41766E-01  1.01050E-05  7.29700E-04
   2.64480E+04  2.14790E-05  1.90528E-05  4.38677E-01  1.00964E-05  7.22748E-04
   2.87794E+04  2.14772E-05  1.90249E-05  4.35663E-01  1.00882E-05  7.15899E-04
   3.13163E+04  2.14758E-05  1.89981E-05  4.32727E-01  1.00803E-05  7.09165E-04
   3.40768E+04  2.14750E-05  1.89725E-05  4.29868E-01  1.00729E-05  7.02543E-04
   3.70807E+04  2.14751E-05  1.89481E-05  4.27082E-01  1.00661E-05  6.96039E-04
   4.03493E+04  2.14763E-05  1.89250E-05  4.24364E-01  1.00598E-05  6.89628E-04
   4.39061E+04  2.14785E-05  1.89032E-05  4.21716E-01  1.00541E-05  6.83342E-04
   4.77764E+04  2.14814E-05  1.88829E-05  4.19153E-01  1.00490E-05  6.77157E-04
   5.19879E+04  2.14847E-05  1.88640E-05  4.16692E-01  1.00444E-05  6.71083E-04
   5.65706E+04  2.14884E-05  1.88466E-05  4.14335E-01  1.00403E-05  6.65109E-04
   6.15573E+04  2.14920E-05  1.88307E-05  4.12065E-01  1.00365E-05  6.59216E-04
   6.69835E+04  2.14951E-05  1.88163E-05  4.09863E-01  1.00331E-05  6.53438E-04
   7.28881E+04  2.14983E-05  1.88033E-05  4.07709E-01  1.00301E-05  6.47748E-04
   7.93132E+04  2.15013E-05  1.87917E-05  4.05582E-01  1.00274E-05  6.42148E-04
   8.63046E+04  2.15037E-05  1.87813E-05  4.03464E-01  1.00250E-05  6.36655E-04
   9.39123E+04  2.15058E-05  1.87721E-05  4.01344E-01  1.00228E-05  6.31244E-04
   1.02191E+05  2.15058E-05  1.87641E-05  3.99216E-01  1.00206E-05  6.25927E-04
   1.11199E+05  2.14922E-05  1.87571E-05  3.97085E-01  1.00156E-05  6.20714E-04
   1.21001E+05  2.14762E-05  1.87509E-05  3.94973E-01  1.00104E-05  6.15545E-04
   1.31667E+05  2.14690E-05  1.87456E-05  3.92907E-01  1.00073E-05  6.10478E-04
   1.43273E+05  2.14705E-05  1.87411E-05  3.90912E-01  1.00063E-05  6.05490E-04
   1.55903E+05  2.14727E-05  1.87371E-05  3.89012E-01  1.00057E-05  6.00577E-04
   1.69646E+05  2.14724E-05  1.87337E-05  3.87229E-01  1.00046E-05  5.95745E-04
   1.84600E+05  2.14721E-05  1.87308E-05  3.85582E-01  1.00037E-05  5.90992E-04
   2.00872E+05  2.14723E-05  1.87283E-05  3.84088E-01  1.00031E-05  5.86303E-04
   2.18579E+05  2.14724E-05  1.87262E-05  3.82758E-01  1.00025E-05  5.81721E-04
   2.37847E+05  2.14724E-05  1.87244E-05  3.81576E-01  1.00020E-05  5.77176E-04
   2.58813E+05  2.14723E-05  1.87229E-05  3.80522E-01  1.00015E-05  5.72699E-04
   2.81627E+05  2.14723E-05  1.87216E-05  3.79574E-01  1.00011E-05  5.68305E-04
   3.06453E+05  2.14724E-05  1.87204E-05  3.78712E-01  1.00008E-05  5.63960E-04
   3.33466E+05  2.14724E-05  1.87195E-05  3.77915E-01  1.00006E-05  5.59696E-04
   3.62861E+05  2.14724E-05  1.87187E-05  3.77160E-01  1.00003E-05  5.55487E-04
   3.94847E+05  2.14724E-05  1.87180E-05  3.76422E-01  1.00002E-05  5.51340E-04
   4.29653E+05  2.14724E-05  1.87175E-05  3.75678E-01  9.99999E-06  5.47261E-04
   4.67527E+05  2.14724E-05  1.87170E-05  3.74896E-01  9.99985E-06  5.43238E-04
   5.08739E+05  2.14725E-05  1.87166E-05  3.74045E-01  9.99974E-06  5.39275E-04
   5.53584E+05  2.14724E-05  1.87162E-05  3.73115E-01  9.99964E-06  5.35378E-04
   6.02383E+05  2.14724E-05  1.87159E-05  3.72145E-01  9.99956E-06  5.31512E-04
   6.55483E+05  2.14725E-05  1.87157E-05  3.71166E-01  9.99949E-06  5.27725E-04
   7.13263E+05  2.14725E-05  1.87155E-05  3.70165E-01  9.99944E-06  5.23976E-04
   7.76137E+05  2.14725E-05  1.87153E-05  3.69113E-01  9.99938E-06  5.20287E-04
   8.44553E+05  2.14725E-05  1.87151E-05  3.67990E-01  9.99934E-06  5.16649E-04
   9.19000E+05  2.14725E-05  1.87150E-05  3.66811E-01  9.99930E-06  5.13057E-04
   1.00001E+06  2.14725E-05  1.87149E-05  3.65618E-01  9.99927E-06  5.09515E-04
