 # PENELOPE >>>  Electron cross sections (xs).
 #
 # NOTE: The xs for inner shell ionization (isi) is listed only for
 #       completeness. The xs for inelastic collisions (in) has been
 #       calculated by considering all inelastic events, including isi.
 #       The bremss (br) xs is for emission of photons with W >10 eV.
 #
 #   Energy        xs_el        xs_in        xs_br       xs_tot       xs_isi
 #    (keV)       (cm**2)      (cm**2)      (cm**2)      (cm**2)      (cm**2)
 #------------------------------------------------------------------------------
   4.99995E-02  7.80345E-16  6.56946E-16  2.05879E-21  1.43729E-15  1.66011E-58
   5.44069E-02  7.44523E-16  6.35242E-16  2.02574E-21  1.37977E-15  1.66011E-58
   5.92029E-02  7.10741E-16  6.11898E-16  1.99014E-21  1.32264E-15  1.66011E-58
   6.44216E-02  6.79178E-16  5.87509E-16  1.95249E-21  1.26669E-15  1.66011E-58
   7.01004E-02  6.49536E-16  5.62530E-16  1.91322E-21  1.21207E-15  1.66011E-58
   7.62797E-02  6.21429E-16  5.37313E-16  1.87270E-21  1.15874E-15  1.66011E-58
   8.30037E-02  5.94666E-16  5.12134E-16  1.83124E-21  1.10680E-15  1.66011E-58
   9.03205E-02  5.69090E-16  4.87208E-16  1.78910E-21  1.05630E-15  1.66011E-58
   9.82822E-02  5.44538E-16  4.62705E-16  1.74652E-21  1.00724E-15  1.66011E-58
   1.06946E-01  5.20892E-16  4.38756E-16  1.70371E-21  9.59650E-16  1.66011E-58
   1.16373E-01  4.98062E-16  4.15462E-16  1.66084E-21  9.13525E-16  1.66011E-58
   1.26631E-01  4.75974E-16  3.92899E-16  1.61805E-21  8.68875E-16  3.96273E-20
   1.37794E-01  4.54572E-16  3.71124E-16  1.57547E-21  8.25697E-16  1.19215E-19
   1.49940E-01  4.33822E-16  3.50175E-16  1.53321E-21  7.83998E-16  2.10146E-19
   1.63157E-01  4.13699E-16  3.30078E-16  1.49136E-21  7.43778E-16  3.05234E-19
   1.77540E-01  3.94191E-16  3.17826E-16  1.45000E-21  7.12019E-16  4.02792E-19
   1.93190E-01  3.75293E-16  3.02142E-16  1.40919E-21  6.77437E-16  4.98384E-19
   2.10219E-01  3.57004E-16  2.86123E-16  1.36900E-21  6.43128E-16  5.91046E-19
   2.28750E-01  3.39325E-16  2.70343E-16  1.32945E-21  6.09669E-16  6.75548E-19
   2.48914E-01  3.22262E-16  2.55014E-16  1.29061E-21  5.77278E-16  7.54273E-19
   2.70856E-01  3.05818E-16  2.40651E-16  1.25249E-21  5.46471E-16  8.25825E-19
   2.94732E-01  2.89995E-16  2.27112E-16  1.21511E-21  5.17109E-16  8.89748E-19
   3.20712E-01  2.74795E-16  2.13852E-16  1.17851E-21  4.88648E-16  9.42617E-19
   3.48983E-01  2.60214E-16  2.01437E-16  1.14270E-21  4.61652E-16  9.87615E-19
   3.79746E-01  2.46249E-16  1.89660E-16  1.10768E-21  4.35910E-16  1.02438E-18
   4.13220E-01  2.32893E-16  1.78347E-16  1.07346E-21  4.11240E-16  1.05293E-18
   4.49645E-01  2.20134E-16  1.67536E-16  1.04005E-21  3.87671E-16  1.07308E-18
   4.89282E-01  2.07961E-16  1.57245E-16  1.00745E-21  3.65207E-16  1.08526E-18
   5.32412E-01  1.96359E-16  1.47476E-16  9.75664E-22  3.43836E-16  1.09033E-18
   5.79343E-01  1.85311E-16  1.38283E-16  9.44681E-22  3.23594E-16  1.08937E-18
   6.30412E-01  1.74798E-16  1.29575E-16  9.14500E-22  3.04374E-16  1.08212E-18
   6.85983E-01  1.64801E-16  1.21342E-16  8.85114E-22  2.86144E-16  1.06981E-18
   7.46452E-01  1.55302E-16  1.13571E-16  8.56517E-22  2.68873E-16  1.05270E-18
   8.12252E-01  1.46279E-16  1.06244E-16  8.28699E-22  2.52524E-16  1.03166E-18
   8.83852E-01  1.37713E-16  9.93456E-17  8.01650E-22  2.37059E-16  1.00708E-18
   9.61763E-01  1.29582E-16  9.28561E-17  7.75360E-22  2.22439E-16  9.79786E-19
   1.04654E+00  1.21868E-16  8.67568E-17  7.49814E-22  2.08625E-16  9.48499E-19
   1.13879E+00  1.14551E-16  8.10289E-17  7.24928E-22  1.95581E-16  9.16143E-19
   1.23918E+00  1.07614E-16  7.56535E-17  7.00567E-22  1.83268E-16  8.84890E-19
   1.34841E+00  1.01039E-16  7.06124E-17  6.76609E-22  1.71652E-16  8.49885E-19
   1.46727E+00  9.48085E-17  6.58876E-17  6.52948E-22  1.60697E-16  8.15737E-19
   1.59661E+00  8.89080E-17  6.14619E-17  6.29503E-22  1.50371E-16  7.81194E-19
   1.73735E+00  8.33222E-17  5.73185E-17  6.06307E-22  1.40641E-16  7.47023E-19
   1.89050E+00  7.80370E-17  5.34414E-17  5.83441E-22  1.31479E-16  7.12733E-19
   2.05715E+00  7.30391E-17  4.98151E-17  5.60977E-22  1.22855E-16  6.79857E-19
   2.23849E+00  6.83159E-17  4.64249E-17  5.38955E-22  1.14741E-16  6.47449E-19
   2.43581E+00  6.38556E-17  4.32569E-17  5.17377E-22  1.07113E-16  6.15299E-19
   2.65052E+00  5.96465E-17  4.02976E-17  4.96240E-22  9.99446E-17  5.83806E-19
   2.88417E+00  5.56779E-17  3.75343E-17  4.75548E-22  9.32126E-17  5.53629E-19
   3.13840E+00  5.19391E-17  3.49549E-17  4.55306E-22  8.68945E-17  5.24377E-19
   3.41505E+00  4.84200E-17  3.25482E-17  4.35538E-22  8.09686E-17  4.96117E-19
   3.71609E+00  4.51109E-17  3.03077E-17  4.16279E-22  7.54190E-17  4.68777E-19
   4.04366E+00  4.20022E-17  2.82164E-17  3.97558E-22  7.02190E-17  4.42672E-19
   4.40011E+00  3.90845E-17  2.62660E-17  3.79392E-22  6.53509E-17  4.17488E-19
   4.78798E+00  3.63490E-17  2.44478E-17  3.61776E-22  6.07972E-17  3.93427E-19
   5.21004E+00  3.37867E-17  2.27536E-17  3.44702E-22  5.65407E-17  3.70409E-19
   5.66930E+00  3.13891E-17  2.11753E-17  3.28174E-22  5.25647E-17  3.48518E-19
   6.16905E+00  2.91476E-17  1.97054E-17  3.12203E-22  4.88534E-17  3.27805E-19
   6.71284E+00  2.70543E-17  1.83369E-17  2.96799E-22  4.53915E-17  3.08040E-19
   7.30458E+00  2.51011E-17  1.70632E-17  2.81972E-22  4.21645E-17  2.89337E-19
   7.94848E+00  2.32802E-17  1.58780E-17  2.67728E-22  3.91585E-17  2.71647E-19
   8.64913E+00  2.15844E-17  1.47752E-17  2.54063E-22  3.63598E-17  2.54862E-19
   9.41155E+00  2.00062E-17  1.37493E-17  2.40920E-22  3.37557E-17  2.39037E-19
   1.02412E+01  1.85386E-17  1.27952E-17  2.28231E-22  3.13341E-17  2.24093E-19
   1.11439E+01  1.71752E-17  1.19080E-17  2.15998E-22  2.90834E-17  2.09979E-19
   1.21263E+01  1.59093E-17  1.10833E-17  2.04325E-22  2.69928E-17  1.96768E-19
   1.31952E+01  1.47349E-17  1.03167E-17  1.93316E-22  2.50518E-17  1.84311E-19
   1.43583E+01  1.36459E-17  9.60440E-18  1.83053E-22  2.32505E-17  1.72607E-19
   1.56240E+01  1.26369E-17  8.94257E-18  1.73604E-22  2.15797E-17  1.61622E-19
   1.70013E+01  1.17025E-17  8.32780E-18  1.64847E-22  2.00305E-17  1.51311E-19
   1.84999E+01  1.08378E-17  7.75683E-18  1.56492E-22  1.85948E-17  1.41647E-19
   2.01307E+01  1.00379E-17  7.22667E-18  1.48267E-22  1.72647E-17  1.32595E-19
   2.19052E+01  9.29839E-18  6.73447E-18  1.40023E-22  1.60330E-17  1.24120E-19
   2.38362E+01  8.61496E-18  6.27761E-18  1.31910E-22  1.48927E-17  1.16194E-19
   2.59373E+01  7.98367E-18  5.85364E-18  1.24110E-22  1.38374E-17  1.08788E-19
   2.82237E+01  7.40077E-18  5.46026E-18  1.16776E-22  1.28611E-17  1.01867E-19
   3.07116E+01  6.86276E-18  5.09534E-18  1.10029E-22  1.19582E-17  9.54005E-20
   3.34188E+01  6.36637E-18  4.75689E-18  1.03881E-22  1.11234E-17  8.93733E-20
   3.63646E+01  5.90852E-18  4.44305E-18  9.81942E-23  1.03517E-17  8.37488E-20
   3.95702E+01  5.48637E-18  4.15210E-18  9.28323E-23  9.63857E-18  7.85026E-20
   4.30583E+01  5.09725E-18  3.88244E-18  8.77054E-23  8.97978E-18  7.36256E-20
   4.68538E+01  4.73867E-18  3.63256E-18  8.28921E-23  8.37131E-18  6.90796E-20
   5.09840E+01  4.40833E-18  3.40107E-18  7.85121E-23  7.80948E-18  6.48530E-20
   5.54782E+01  4.10409E-18  3.18667E-18  7.45640E-23  7.29084E-18  6.09341E-20
   6.03686E+01  3.82396E-18  2.98816E-18  7.08390E-23  6.81219E-18  5.72587E-20
   6.56901E+01  3.56609E-18  2.80442E-18  6.71834E-23  6.37058E-18  5.38781E-20
   7.14806E+01  3.32878E-18  2.63440E-18  6.36412E-23  5.96324E-18  5.07162E-20
   7.77816E+01  3.11042E-18  2.47714E-18  6.02855E-23  5.58762E-18  4.77932E-20
   8.46381E+01  2.90958E-18  2.33173E-18  5.71732E-23  5.24136E-18  4.50836E-20
   9.20989E+01  2.72488E-18  2.19733E-18  5.42993E-23  4.92226E-18  4.25657E-20
   1.00217E+02  2.55507E-18  2.07317E-18  5.16263E-23  4.62830E-18  4.02341E-20
   1.09051E+02  2.39901E-18  1.95853E-18  4.91254E-23  4.35759E-18  3.81210E-20
   1.18664E+02  2.25561E-18  1.85273E-18  4.67904E-23  4.10839E-18  3.61191E-20
   1.29125E+02  2.12390E-18  1.75516E-18  4.46189E-23  3.87910E-18  3.42675E-20
   1.40507E+02  2.00296E-18  1.66523E-18  4.26081E-23  3.66823E-18  3.25796E-20
   1.52892E+02  1.89194E-18  1.58240E-18  4.07546E-23  3.47438E-18  3.09920E-20
   1.66370E+02  1.79007E-18  1.50619E-18  3.90525E-23  3.29630E-18  2.95518E-20
   1.81035E+02  1.69670E-18  1.43612E-18  3.74917E-23  3.13286E-18  2.82337E-20
   1.96994E+02  1.61107E-18  1.37178E-18  3.60619E-23  2.98288E-18  2.70104E-20
   2.14358E+02  1.53239E-18  1.31275E-18  3.47539E-23  2.84517E-18  2.58979E-20
   2.33254E+02  1.46043E-18  1.25868E-18  3.35606E-23  2.71915E-18  2.48757E-20
   2.53815E+02  1.39518E-18  1.20921E-18  3.24763E-23  2.60442E-18  2.39331E-20
   2.76189E+02  1.33615E-18  1.16404E-18  3.14954E-23  2.50022E-18  2.30824E-20
   3.00535E+02  1.28197E-18  1.12286E-18  3.06129E-23  2.40486E-18  2.23059E-20
   3.27027E+02  1.23165E-18  1.08540E-18  2.98244E-23  2.31707E-18  2.16051E-20
   3.55855E+02  1.18543E-18  1.05140E-18  2.91271E-23  2.23686E-18  2.09708E-20
   3.87223E+02  1.14350E-18  1.02062E-18  2.85187E-23  2.16415E-18  2.03997E-20
   4.21357E+02  1.10539E-18  9.92851E-19  2.79972E-23  2.09827E-18  1.98845E-20
   4.58499E+02  1.07072E-18  9.67873E-19  2.75572E-23  2.03863E-18  1.94305E-20
   4.98916E+02  1.03924E-18  9.45495E-19  2.71914E-23  1.98476E-18  1.90204E-20
   5.42895E+02  1.01070E-18  9.25534E-19  2.68934E-23  1.93626E-18  1.86640E-20
   5.90751E+02  9.84855E-19  9.07821E-19  2.66590E-23  1.89270E-18  1.83525E-20
   6.42825E+02  9.61494E-19  8.92194E-19  2.64847E-23  1.85371E-18  1.80805E-20
   6.99490E+02  9.40423E-19  8.78502E-19  2.63664E-23  1.81895E-18  1.78482E-20
   7.61150E+02  9.21459E-19  8.66602E-19  2.63001E-23  1.78809E-18  1.76559E-20
   8.28245E+02  9.04355E-19  8.56361E-19  2.62819E-23  1.76074E-18  1.74959E-20
   9.01255E+02  8.89008E-19  8.47649E-19  2.63078E-23  1.73668E-18  1.73664E-20
   9.80700E+02  8.75399E-19  8.40344E-19  2.63737E-23  1.71577E-18  1.72713E-20
   1.06715E+03  8.63182E-19  8.34332E-19  2.64756E-23  1.69754E-18  1.72018E-20
   1.16122E+03  8.52196E-19  8.29500E-19  2.66113E-23  1.68172E-18  1.71558E-20
   1.26358E+03  8.42409E-19  8.25743E-19  2.67798E-23  1.66818E-18  1.71327E-20
   1.37496E+03  8.33769E-19  8.22958E-19  2.69800E-23  1.65675E-18  1.71328E-20
   1.49616E+03  8.26151E-19  8.21046E-19  2.72111E-23  1.64722E-18  1.71538E-20
   1.62805E+03  8.19431E-19  8.19910E-19  2.74711E-23  1.63937E-18  1.71937E-20
   1.77156E+03  8.13511E-19  8.19457E-19  2.77513E-23  1.63300E-18  1.72511E-20
   1.92773E+03  8.08308E-19  8.19595E-19  2.80410E-23  1.62793E-18  1.73243E-20
   2.09765E+03  8.03748E-19  8.20234E-19  2.83299E-23  1.62401E-18  1.74133E-20
   2.28256E+03  7.99756E-19  8.21289E-19  2.86162E-23  1.62107E-18  1.75118E-20
   2.48377E+03  7.96255E-19  8.22678E-19  2.89068E-23  1.61896E-18  1.76241E-20
   2.70271E+03  7.93173E-19  8.24323E-19  2.92089E-23  1.61753E-18  1.77483E-20
   2.94096E+03  7.90460E-19  8.26157E-19  2.95303E-23  1.61665E-18  1.78822E-20
   3.20020E+03  7.88072E-19  8.28120E-19  2.98779E-23  1.61622E-18  1.80270E-20
   3.48230E+03  7.85976E-19  8.30162E-19  3.02461E-23  1.61617E-18  1.81756E-20
   3.78926E+03  7.84140E-19  8.32243E-19  3.06226E-23  1.61641E-18  1.83355E-20
   4.12328E+03  7.82507E-19  8.34334E-19  3.09947E-23  1.61687E-18  1.84994E-20
   4.48675E+03  7.81047E-19  8.36413E-19  3.13569E-23  1.61749E-18  1.86706E-20
   4.88225E+03  7.79765E-19  8.38464E-19  3.17151E-23  1.61826E-18  1.88477E-20
   5.31262E+03  7.78637E-19  8.40477E-19  3.20753E-23  1.61915E-18  1.90303E-20
   5.78093E+03  7.77642E-19  8.42447E-19  3.24358E-23  1.62012E-18  1.92161E-20
   6.29051E+03  7.76768E-19  8.44372E-19  3.27895E-23  1.62117E-18  1.94059E-20
   6.84502E+03  7.76008E-19  8.46249E-19  3.31340E-23  1.62229E-18  1.95993E-20
   7.44841E+03  7.75362E-19  8.48082E-19  3.34701E-23  1.62348E-18  1.97962E-20
   8.10498E+03  7.74816E-19  8.49870E-19  3.37992E-23  1.62472E-18  1.99958E-20
   8.81943E+03  7.74353E-19  8.51618E-19  3.41222E-23  1.62600E-18  2.01981E-20
   9.59686E+03  7.73961E-19  8.53327E-19  3.44394E-23  1.62732E-18  2.04027E-20
   1.04428E+04  7.73619E-19  8.54999E-19  3.47509E-23  1.62865E-18  2.06091E-20
   1.13634E+04  7.73320E-19  8.56638E-19  3.50568E-23  1.62999E-18  2.08174E-20
   1.23650E+04  7.73075E-19  8.58244E-19  3.53570E-23  1.63135E-18  2.10279E-20
   1.34550E+04  7.72893E-19  8.59820E-19  3.56512E-23  1.63275E-18  2.12391E-20
   1.46411E+04  7.72774E-19  8.61366E-19  3.59394E-23  1.63418E-18  2.14523E-20
   1.59317E+04  7.72714E-19  8.62882E-19  3.62216E-23  1.63563E-18  2.16662E-20
   1.73360E+04  7.72691E-19  8.64370E-19  3.64987E-23  1.63710E-18  2.18818E-20
   1.88642E+04  7.72684E-19  8.65827E-19  3.67720E-23  1.63855E-18  2.20976E-20
   2.05271E+04  7.72701E-19  8.67253E-19  3.70427E-23  1.63999E-18  2.23145E-20
   2.23365E+04  7.72752E-19  8.68645E-19  3.73118E-23  1.64143E-18  2.25315E-20
   2.43055E+04  7.72823E-19  8.70002E-19  3.75789E-23  1.64286E-18  2.27506E-20
   2.64480E+04  7.72897E-19  8.71320E-19  3.78435E-23  1.64425E-18  2.29694E-20
   2.87794E+04  7.72963E-19  8.72596E-19  3.81053E-23  1.64560E-18  2.31891E-20
   3.13163E+04  7.73015E-19  8.73827E-19  3.83638E-23  1.64688E-18  2.34093E-20
   3.40768E+04  7.73042E-19  8.75008E-19  3.86190E-23  1.64809E-18  2.36300E-20
   3.70807E+04  7.73038E-19  8.76135E-19  3.88710E-23  1.64921E-18  2.38508E-20
   4.03493E+04  7.72996E-19  8.77206E-19  3.91199E-23  1.65024E-18  2.40725E-20
   4.39061E+04  7.72915E-19  8.78215E-19  3.93656E-23  1.65117E-18  2.42940E-20
   4.77764E+04  7.72813E-19  8.79161E-19  3.96063E-23  1.65201E-18  2.45159E-20
   5.19879E+04  7.72693E-19  8.80040E-19  3.98401E-23  1.65277E-18  2.47377E-20
   5.65706E+04  7.72558E-19  8.80852E-19  4.00668E-23  1.65345E-18  2.49599E-20
   6.15573E+04  7.72431E-19  8.81595E-19  4.02875E-23  1.65407E-18  2.51831E-20
   6.69835E+04  7.72319E-19  8.82271E-19  4.05039E-23  1.65463E-18  2.54057E-20
   7.28881E+04  7.72206E-19  8.82882E-19  4.07179E-23  1.65513E-18  2.56289E-20
   7.93132E+04  7.72096E-19  8.83429E-19  4.09315E-23  1.65557E-18  2.58524E-20
   8.63046E+04  7.72012E-19  8.83916E-19  4.11464E-23  1.65597E-18  2.60755E-20
   9.39123E+04  7.71937E-19  8.84346E-19  4.13637E-23  1.65632E-18  2.62990E-20
   1.02191E+05  7.71936E-19  8.84725E-19  4.15842E-23  1.65670E-18  2.65224E-20
   1.11199E+05  7.72423E-19  8.85057E-19  4.18074E-23  1.65752E-18  2.67451E-20
   1.21001E+05  7.72998E-19  8.85346E-19  4.20309E-23  1.65839E-18  2.69697E-20
   1.31667E+05  7.73259E-19  8.85597E-19  4.22519E-23  1.65890E-18  2.71936E-20
   1.43273E+05  7.73204E-19  8.85813E-19  4.24676E-23  1.65906E-18  2.74176E-20
   1.55903E+05  7.73124E-19  8.86000E-19  4.26750E-23  1.65917E-18  2.76419E-20
   1.69646E+05  7.73134E-19  8.86161E-19  4.28715E-23  1.65934E-18  2.78661E-20
   1.84600E+05  7.73148E-19  8.86298E-19  4.30546E-23  1.65949E-18  2.80902E-20
   2.00872E+05  7.73141E-19  8.86416E-19  4.32221E-23  1.65960E-18  2.83149E-20
   2.18579E+05  7.73137E-19  8.86516E-19  4.33722E-23  1.65970E-18  2.85379E-20
   2.37847E+05  7.73137E-19  8.86601E-19  4.35066E-23  1.65978E-18  2.87626E-20
   2.58813E+05  7.73138E-19  8.86674E-19  4.36272E-23  1.65986E-18  2.89874E-20
   2.81627E+05  7.73138E-19  8.86736E-19  4.37361E-23  1.65992E-18  2.92116E-20
   3.06453E+05  7.73137E-19  8.86789E-19  4.38356E-23  1.65997E-18  2.94366E-20
   3.33466E+05  7.73135E-19  8.86833E-19  4.39280E-23  1.66001E-18  2.96609E-20
   3.62861E+05  7.73135E-19  8.86871E-19  4.40160E-23  1.66005E-18  2.98856E-20
   3.94847E+05  7.73135E-19  8.86903E-19  4.41023E-23  1.66008E-18  3.01104E-20
   4.29653E+05  7.73135E-19  8.86930E-19  4.41897E-23  1.66011E-18  3.03348E-20
   4.67527E+05  7.73135E-19  8.86953E-19  4.42818E-23  1.66013E-18  3.05595E-20
   5.08739E+05  7.73134E-19  8.86973E-19  4.43825E-23  1.66015E-18  3.07841E-20
   5.53584E+05  7.73134E-19  8.86989E-19  4.44932E-23  1.66017E-18  3.10082E-20
   6.02383E+05  7.73134E-19  8.87003E-19  4.46092E-23  1.66018E-18  3.12337E-20
   6.55483E+05  7.73133E-19  8.87015E-19  4.47268E-23  1.66019E-18  3.14578E-20
   7.13263E+05  7.73132E-19  8.87025E-19  4.48478E-23  1.66020E-18  3.16829E-20
   7.76137E+05  7.73132E-19  8.87033E-19  4.49756E-23  1.66021E-18  3.19075E-20
   8.44553E+05  7.73133E-19  8.87041E-19  4.51129E-23  1.66022E-18  3.21322E-20
   9.19000E+05  7.73133E-19  8.87047E-19  4.52578E-23  1.66022E-18  3.23572E-20
   1.00001E+06  7.73132E-19  8.87052E-19  4.54055E-23  1.66023E-18  3.25821E-20
