 # PENELOPE >>>  Photon mass attenuation coefficients (mac).
 #
 #   Energy       mac_Ra       mac_Co       mac_ph       mac_pp       mac_tot
 #    (keV)      (cm**2/g)    (cm**2/g)    (cm**2/g)    (cm**2/g)    (cm**2/g)
 #------------------------------------------------------------------------------
   5.00000E-02  2.50838E+00  2.25977E-02  8.77672E+03  1.00000E-35  8.77925E+03
   5.23318E-02  2.50829E+00  2.26134E-02  8.40515E+03  1.00000E-35  8.40768E+03
   5.47723E-02  2.50820E+00  2.26293E-02  8.02225E+03  1.00000E-35  8.02478E+03
   5.73266E-02  2.50810E+00  2.26459E-02  7.63079E+03  1.00000E-35  7.63332E+03
   6.00000E-02  2.50799E+00  2.26630E-02  7.24112E+03  1.00000E-35  7.24365E+03
   6.48074E-02  2.50778E+00  2.26942E-02  6.57909E+03  1.00000E-35  6.58162E+03
   7.00000E-02  2.50753E+00  2.27280E-02  5.93755E+03  1.00000E-35  5.94008E+03
   7.48331E-02  2.50729E+00  2.27598E-02  5.41017E+03  1.00000E-35  5.41270E+03
   8.00000E-02  2.50701E+00  2.27936E-02  4.91112E+03  1.00000E-35  4.91365E+03
   8.07300E-02  2.50697E+00  2.27983E-02  4.84624E+03  1.00000E-35  4.84877E+03
   8.07300E-02  2.50697E+00  2.27983E-02  3.29575E+04  1.00000E-35  3.29600E+04
   8.12000E-02  2.50694E+00  2.28013E-02  3.67685E+04  1.00000E-35  3.67710E+04
   8.12000E-02  2.50694E+00  2.28013E-02  5.06505E+04  1.00000E-35  5.06531E+04
   8.22511E-02  2.50688E+00  2.28080E-02  6.37400E+04  1.00000E-35  6.37426E+04
   8.33159E-02  2.50682E+00  2.28149E-02  7.65918E+04  1.00000E-35  7.65943E+04
   8.43944E-02  2.50675E+00  2.28221E-02  8.82785E+04  1.00000E-35  8.82811E+04
   8.54868E-02  2.50669E+00  2.28294E-02  9.83117E+04  1.00000E-35  9.83142E+04
   8.65935E-02  2.50662E+00  2.28366E-02  1.06436E+05  1.00000E-35  1.06439E+05
   8.77144E-02  2.50655E+00  2.28439E-02  1.12772E+05  1.00000E-35  1.12775E+05
   8.88499E-02  2.50648E+00  2.28512E-02  1.17517E+05  1.00000E-35  1.17520E+05
   9.00000E-02  2.50641E+00  2.28584E-02  1.21056E+05  1.00000E-35  1.21058E+05
   9.11931E-02  2.50634E+00  2.28663E-02  1.23671E+05  1.00000E-35  1.23673E+05
   9.24021E-02  2.50626E+00  2.28744E-02  1.25448E+05  1.00000E-35  1.25450E+05
   9.36271E-02  2.50618E+00  2.28824E-02  1.26654E+05  1.00000E-35  1.26657E+05
   9.48683E-02  2.50610E+00  2.28905E-02  1.27486E+05  1.00000E-35  1.27488E+05
   9.74004E-02  2.50594E+00  2.29066E-02  1.28503E+05  1.00000E-35  1.28505E+05
   1.00000E-01  2.50576E+00  2.29237E-02  1.29009E+05  1.00000E-35  1.29012E+05
   1.04881E-01  2.50541E+00  2.29554E-02  1.29042E+05  1.00000E-35  1.29044E+05
   1.07410E-01  2.50524E+00  2.29716E-02  1.28657E+05  1.00000E-35  1.28660E+05
   1.10000E-01  2.50503E+00  2.29889E-02  1.27959E+05  1.00000E-35  1.27962E+05
   1.12196E-01  2.50486E+00  2.30033E-02  1.27224E+05  1.00000E-35  1.27226E+05
   1.14436E-01  2.50469E+00  2.30176E-02  1.26007E+05  1.00000E-35  1.26010E+05
   1.16720E-01  2.50451E+00  2.30322E-02  1.24660E+05  1.00000E-35  1.24662E+05
   1.19050E-01  2.50431E+00  2.30478E-02  1.22963E+05  1.00000E-35  1.22965E+05
   1.19050E-01  2.50431E+00  2.30478E-02  1.35458E+05  1.00000E-35  1.35461E+05
   1.20000E-01  2.50423E+00  2.30541E-02  1.34545E+05  1.00000E-35  1.34547E+05
   1.22425E-01  2.50403E+00  2.30699E-02  1.32273E+05  1.00000E-35  1.32275E+05
   1.24900E-01  2.50382E+00  2.30857E-02  1.29637E+05  1.00000E-35  1.29639E+05
   1.27424E-01  2.50361E+00  2.31020E-02  1.26912E+05  1.00000E-35  1.26914E+05
   1.30000E-01  2.50337E+00  2.31191E-02  1.23797E+05  1.00000E-35  1.23799E+05
   1.32431E-01  2.50315E+00  2.31350E-02  1.20898E+05  1.00000E-35  1.20901E+05
   1.34907E-01  2.50293E+00  2.31509E-02  1.17816E+05  1.00000E-35  1.17818E+05
   1.40000E-01  2.50245E+00  2.31840E-02  1.11508E+05  1.00000E-35  1.11511E+05
   1.44914E-01  2.50197E+00  2.32162E-02  1.05637E+05  1.00000E-35  1.05640E+05
   1.50000E-01  2.50148E+00  2.32485E-02  9.98555E+04  1.00000E-35  9.98580E+04
   1.59687E-01  2.50044E+00  2.33121E-02  8.97373E+04  1.00000E-35  8.97398E+04
   1.70000E-01  2.49928E+00  2.33794E-02  8.01631E+04  1.00000E-35  8.01656E+04
   1.80000E-01  2.49812E+00  2.34439E-02  7.19709E+04  1.00000E-35  7.19734E+04
   1.84932E-01  2.49749E+00  2.34764E-02  6.83201E+04  1.00000E-35  6.83227E+04
   1.90000E-01  2.49687E+00  2.35089E-02  6.47172E+04  1.00000E-35  6.47197E+04
   1.99750E-01  2.49558E+00  2.35724E-02  5.84944E+04  1.00000E-35  5.84969E+04
   2.10000E-01  2.49422E+00  2.36378E-02  5.26731E+04  1.00000E-35  5.26756E+04
   2.30000E-01  2.49131E+00  2.37674E-02  4.33658E+04  1.00000E-35  4.33683E+04
   2.40000E-01  2.48972E+00  2.38330E-02  3.95479E+04  1.00000E-35  3.95504E+04
   2.60000E-01  2.48645E+00  2.39623E-02  3.31466E+04  1.00000E-35  3.31491E+04
   2.80000E-01  2.48295E+00  2.40913E-02  2.80736E+04  1.00000E-35  2.80762E+04
   2.94618E-01  2.48034E+00  2.41841E-02  2.50043E+04  1.00000E-35  2.50068E+04
   3.10000E-01  2.47728E+00  2.42845E-02  2.22251E+04  1.00000E-35  2.22276E+04
   3.30000E-01  2.47323E+00  2.44129E-02  1.92117E+04  1.00000E-35  1.92142E+04
   3.60000E-01  2.46674E+00  2.46053E-02  1.56375E+04  1.00000E-35  1.56400E+04
   3.90000E-01  2.45981E+00  2.47969E-02  1.29128E+04  1.00000E-35  1.29152E+04
   4.20000E-01  2.45246E+00  2.49876E-02  1.07911E+04  1.00000E-35  1.07936E+04
   4.50000E-01  2.44476E+00  2.51769E-02  9.11057E+03  1.00000E-35  9.11304E+03
   4.80000E-01  2.43643E+00  2.53684E-02  7.76980E+03  1.00000E-35  7.77226E+03
   5.20000E-01  2.42488E+00  2.56211E-02  6.36532E+03  1.00000E-35  6.36777E+03
   5.70000E-01  2.40961E+00  2.59358E-02  5.05151E+03  1.00000E-35  5.05394E+03
   6.10000E-01  2.39659E+00  2.61902E-02  4.25657E+03  1.00000E-35  4.25899E+03
   6.60000E-01  2.37966E+00  2.65116E-02  3.48008E+03  1.00000E-35  3.48249E+03
   7.10000E-01  2.36199E+00  2.68413E-02  2.88604E+03  1.00000E-35  2.88843E+03
   7.70000E-01  2.33990E+00  2.72547E-02  2.34114E+03  1.00000E-35  2.34351E+03
   8.30000E-01  2.31703E+00  2.76932E-02  1.92593E+03  1.00000E-35  1.92828E+03
   9.00000E-01  2.28943E+00  2.82465E-02  1.55927E+03  1.00000E-35  1.56159E+03
   9.70000E-01  2.26119E+00  2.88463E-02  1.28070E+03  1.00000E-35  1.28299E+03
   1.00000E+00  2.24850E+00  2.91310E-02  1.18221E+03  1.00000E-35  1.18449E+03
   1.25000E+00  2.14337E+00  3.17661E-02  6.53055E+02  1.00000E-35  6.55230E+02
   1.50000E+00  2.03747E+00  3.48999E-02  3.99920E+02  1.00000E-35  4.01993E+02
   1.54990E+00  2.01668E+00  3.55626E-02  3.65882E+02  1.00000E-35  3.67934E+02
   1.54990E+00  2.01668E+00  3.55626E-02  4.23498E+03  1.00000E-35  4.23704E+03
   1.59767E+00  1.99754E+00  3.61895E-02  3.98789E+03  1.00000E-35  3.98992E+03
   1.64691E+00  1.97696E+00  3.68665E-02  3.70307E+03  1.00000E-35  3.70509E+03
   1.69767E+00  1.95659E+00  3.75562E-02  3.43056E+03  1.00000E-35  3.43255E+03
   1.75000E+00  1.93604E+00  3.82666E-02  3.17166E+03  1.00000E-35  3.17363E+03
   2.00000E+00  1.84022E+00  4.17161E-02  2.25561E+03  1.00000E-35  2.25750E+03
   2.23607E+00  1.75692E+00  4.49403E-02  1.69897E+03  1.00000E-35  1.70077E+03
   2.50000E+00  1.67037E+00  4.84778E-02  1.27477E+03  1.00000E-35  1.27649E+03
   3.00000E+00  1.52628E+00  5.48915E-02  7.86456E+02  1.00000E-35  7.88037E+02
   3.50000E+00  1.40261E+00  6.09237E-02  5.18073E+02  1.00000E-35  5.19537E+02
   4.00000E+00  1.29425E+00  6.65912E-02  3.59030E+02  1.00000E-35  3.60390E+02
   4.50000E+00  1.19698E+00  7.19032E-02  2.58319E+02  1.00000E-35  2.59588E+02
   5.00000E+00  1.10894E+00  7.68795E-02  1.92078E+02  1.00000E-35  1.93264E+02
   6.00000E+00  9.55411E-01  8.58815E-02  1.14164E+02  1.00000E-35  1.15206E+02
   7.00000E+00  8.26276E-01  9.36920E-02  7.31152E+01  1.00000E-35  7.40351E+01
   8.00000E+00  7.18082E-01  1.00479E-01  4.94835E+01  1.00000E-35  5.03020E+01
   9.00000E+00  6.26401E-01  1.06333E-01  3.49354E+01  1.00000E-35  3.56682E+01
   1.00000E+01  5.49621E-01  1.11467E-01  2.55538E+01  1.00000E-35  2.62149E+01
   1.25000E+01  4.05405E-01  1.21738E-01  1.30659E+01  1.00000E-35  1.35930E+01
   1.50000E+01  3.09208E-01  1.29351E-01  7.50746E+00  1.00000E-35  7.94602E+00
   1.75000E+01  2.46192E-01  1.35111E-01  4.67775E+00  1.00000E-35  5.05905E+00
   2.00000E+01  2.02332E-01  1.39534E-01  3.09481E+00  1.00000E-35  3.43668E+00
   2.23607E+01  1.71346E-01  1.42730E-01  2.18892E+00  1.00000E-35  2.50300E+00
   2.50000E+01  1.44669E-01  1.45475E-01  1.54450E+00  1.00000E-35  1.83465E+00
   3.00000E+01  1.08869E-01  1.48938E-01  8.71438E-01  1.00000E-35  1.12925E+00
   3.50000E+01  8.48735E-02  1.50806E-01  5.34893E-01  1.00000E-35  7.70572E-01
   4.00000E+01  6.79751E-02  1.51665E-01  3.50073E-01  1.00000E-35  5.69713E-01
   4.50000E+01  5.55952E-02  1.51781E-01  2.40332E-01  1.00000E-35  4.47709E-01
   5.00000E+01  4.62885E-02  1.51441E-01  1.71656E-01  1.00000E-35  3.69386E-01
   6.00000E+01  3.34812E-02  1.49836E-01  9.55523E-02  1.00000E-35  2.78870E-01
   7.00000E+01  2.53166E-02  1.47522E-01  5.81585E-02  1.00000E-35  2.30997E-01
   8.00000E+01  1.98082E-02  1.44916E-01  3.77943E-02  1.00000E-35  2.02519E-01
   9.00000E+01  1.59184E-02  1.42208E-01  2.58404E-02  1.00000E-35  1.83967E-01
   1.00000E+02  1.30705E-02  1.39511E-01  1.83902E-02  1.00000E-35  1.70972E-01
   1.25000E+02  8.56621E-03  1.32985E-01  8.95914E-03  1.00000E-35  1.50510E-01
   1.50000E+02  6.03908E-03  1.27068E-01  4.99174E-03  1.00000E-35  1.38099E-01
   1.62019E+02  5.20366E-03  1.24437E-01  3.89864E-03  1.00000E-35  1.33540E-01
   1.75000E+02  4.48128E-03  1.21749E-01  3.05308E-03  1.00000E-35  1.29284E-01
   2.00000E+02  3.45484E-03  1.16992E-01  2.00179E-03  1.00000E-35  1.22448E-01
   2.23607E+02  2.77684E-03  1.12930E-01  1.41238E-03  1.00000E-35  1.17119E-01
   2.50000E+02  2.23018E-03  1.08839E-01  1.00012E-03  1.00000E-35  1.12069E-01
   2.61659E+02  2.03865E-03  1.07156E-01  8.69122E-04  1.00000E-35  1.10063E-01
   2.73861E+02  1.86344E-03  1.05482E-01  7.56821E-04  1.00000E-35  1.08102E-01
   3.00000E+02  1.55638E-03  1.02125E-01  5.74451E-04  1.00000E-35  1.04256E-01
   3.24037E+02  1.33620E-03  9.92906E-02  4.56961E-04  1.00000E-35  1.01084E-01
   3.50000E+02  1.14692E-03  9.64706E-02  3.64317E-04  1.00000E-35  9.79818E-02
   3.74166E+02  1.00462E-03  9.40418E-02  3.00123E-04  1.00000E-35  9.53465E-02
   4.00000E+02  8.79874E-04  9.16335E-02  2.48247E-04  1.00000E-35  9.27616E-02
   4.24264E+02  7.82698E-04  8.95308E-02  2.10339E-04  1.00000E-35  9.05238E-02
   4.50000E+02  6.96184E-04  8.74362E-02  1.78733E-04  1.00000E-35  8.83111E-02
   5.00000E+02  5.64483E-04  8.37448E-02  1.34477E-04  1.00000E-35  8.44437E-02
   5.47723E+02  4.70738E-04  8.05966E-02  1.05933E-04  1.00000E-35  8.11733E-02
   6.00000E+02  3.92517E-04  7.75011E-02  8.40343E-05  1.00000E-35  7.79776E-02
   6.48074E+02  3.36589E-04  7.49296E-02  6.95131E-05  1.00000E-35  7.53357E-02
   7.00000E+02  2.88613E-04  7.23992E-02  5.78016E-05  1.00000E-35  7.27456E-02
   7.23762E+02  2.70010E-04  7.13090E-02  5.34074E-05  1.00000E-35  7.16324E-02
   7.48331E+02  2.52606E-04  7.02352E-02  4.94685E-05  1.00000E-35  7.05372E-02
   8.00000E+02  2.21084E-04  6.81054E-02  4.25148E-05  1.00000E-35  6.83690E-02
   8.48528E+02  1.96557E-04  6.62569E-02  3.73198E-05  1.00000E-35  6.64907E-02
   9.00000E+02  1.74747E-04  6.44380E-02  3.28975E-05  1.00000E-35  6.46456E-02
   1.00000E+03  1.41582E-04  6.12375E-02  2.64252E-05  1.00000E-35  6.14055E-02
   1.02200E+03  1.35558E-04  6.05865E-02  2.53003E-05  1.00000E-35  6.07473E-02
   1.13027E+03  1.10853E-04  5.76308E-02  2.06894E-05  3.85797E-06  5.77662E-02
   1.25000E+03  9.06483E-05  5.47579E-02  1.70351E-05  2.97854E-05  5.48953E-02
   1.36931E+03  7.55489E-05  5.22270E-02  1.43845E-05  8.48344E-05  5.24018E-02
   1.50000E+03  6.29640E-05  4.97643E-02  1.22262E-05  1.70518E-04  5.00100E-02
   1.62019E+03  5.39726E-05  4.77357E-02  1.07207E-05  2.69566E-04  4.80700E-02
   1.75000E+03  4.62653E-05  4.57572E-02  9.44141E-06  3.94433E-04  4.62073E-02
   1.87083E+03  4.04839E-05  4.40839E-02  8.47840E-06  5.22726E-04  4.46556E-02
   2.00000E+03  3.54249E-05  4.24515E-02  7.63840E-06  6.71117E-04  4.31657E-02
   2.23607E+03  2.83414E-05  3.98148E-02  6.44569E-06  9.59670E-04  4.08092E-02
   2.36435E+03  2.53501E-05  3.85370E-02  5.92954E-06  1.11975E-03  3.96880E-02
   2.50000E+03  2.26742E-05  3.72900E-02  5.46932E-06  1.29401E-03  3.86122E-02
   2.73861E+03  1.88957E-05  3.53040E-02  4.79756E-06  1.59660E-03  3.69243E-02
   3.00000E+03  1.57468E-05  3.33913E-02  4.22550E-06  1.92749E-03  3.53388E-02
   3.50000E+03  1.15694E-05  3.03294E-02  3.43145E-06  2.55227E-03  3.28967E-02
   4.00000E+03  8.85803E-06  2.78443E-02  2.88387E-06  3.14645E-03  3.10025E-02
   4.24264E+03  7.87387E-06  2.67990E-02  2.67245E-06  3.42456E-03  3.02341E-02
   4.50000E+03  6.99905E-06  2.57854E-02  2.48215E-06  3.71367E-03  2.95085E-02
   5.00000E+03  5.66928E-06  2.40408E-02  2.17581E-06  4.24637E-03  2.82950E-02
   6.00000E+03  3.93704E-06  2.12451E-02  1.74435E-06  5.23997E-03  2.64908E-02
   7.00000E+03  2.89253E-06  1.90916E-02  1.45448E-06  6.13163E-03  2.52276E-02
   8.00000E+03  2.21460E-06  1.73742E-02  1.24547E-06  6.93812E-03  2.43158E-02
   9.00000E+03  1.74981E-06  1.59680E-02  1.08916E-06  7.66820E-03  2.36391E-02
   1.00000E+04  1.41735E-06  1.47930E-02  9.66746E-07  8.33414E-03  2.31295E-02
   1.25000E+04  9.07102E-07  1.25487E-02  7.55160E-07  9.76429E-03  2.23146E-02
   1.50000E+04  6.29933E-07  1.09415E-02  6.19291E-07  1.09559E-02  2.18986E-02
   1.75000E+04  4.62807E-07  9.72847E-03  5.24309E-07  1.19705E-02  2.17000E-02
   2.00000E+04  3.54336E-07  8.77652E-03  4.54995E-07  1.28595E-02  2.16368E-02
   2.50000E+04  2.26776E-07  7.37298E-03  3.59204E-07  1.43369E-02  2.17105E-02
   3.00000E+04  1.57483E-07  6.38237E-03  2.97101E-07  1.55352E-02  2.19180E-02
   3.50000E+04  1.15702E-07  5.64255E-03  2.53172E-07  1.65421E-02  2.21850E-02
   4.00000E+04  8.85841E-08  5.06713E-03  2.20405E-07  1.74051E-02  2.24725E-02
   4.50000E+04  6.99925E-08  4.60548E-03  1.95184E-07  1.81476E-02  2.27534E-02
   5.00000E+04  5.66939E-08  4.22636E-03  1.75255E-07  1.88007E-02  2.30273E-02
   6.00000E+04  3.93707E-08  3.63906E-03  1.45458E-07  1.99082E-02  2.35475E-02
   7.00000E+04  2.89254E-08  3.20368E-03  1.24254E-07  2.08150E-02  2.40188E-02
   8.00000E+04  2.21460E-08  2.86713E-03  1.08410E-07  2.15746E-02  2.44419E-02
   9.00000E+04  1.74981E-08  2.59846E-03  9.62268E-08  2.22153E-02  2.48139E-02
   1.00000E+05  1.41735E-08  2.37875E-03  8.64973E-08  2.27678E-02  2.51467E-02
   1.25000E+05  9.07102E-09  1.97076E-03  6.90176E-08  2.38657E-02  2.58366E-02
   1.50000E+05  6.29932E-09  1.68829E-03  5.73934E-08  2.46963E-02  2.63846E-02
   1.75000E+05  4.62807E-09  1.48036E-03  4.91378E-08  2.53569E-02  2.68373E-02
   2.00000E+05  3.54336E-09  1.32048E-03  4.29696E-08  2.58964E-02  2.72169E-02
   2.50000E+05  2.26776E-09  1.08992E-03  3.43413E-08  2.67072E-02  2.77972E-02
   3.00000E+05  1.57483E-09  9.31065E-04  2.85946E-08  2.73019E-02  2.82330E-02
   3.50000E+05  1.15702E-09  8.14545E-04  2.44939E-08  2.77653E-02  2.85799E-02
   4.00000E+05  8.85841E-10  7.25218E-04  2.14201E-08  2.81371E-02  2.88623E-02
   4.50000E+05  6.99925E-10  6.54411E-04  1.90306E-08  2.84436E-02  2.90981E-02
   5.00000E+05  5.66939E-10  5.96841E-04  1.71200E-08  2.86965E-02  2.92934E-02
   6.00000E+05  3.93707E-10  5.08703E-04  1.42557E-08  2.90839E-02  2.95926E-02
   7.00000E+05  2.89254E-10  4.44231E-04  1.22154E-08  2.93825E-02  2.98267E-02
   8.00000E+05  2.21460E-10  3.94916E-04  1.06877E-08  2.96232E-02  3.00181E-02
   9.00000E+05  1.74981E-10  3.55906E-04  9.49962E-09  2.98196E-02  3.01756E-02
   1.00000E+06  1.41735E-10  3.24236E-04  8.54920E-09  2.99835E-02  3.03077E-02
