 # PENELOPE >>>  Photon mean free paths (mfp).
 #
 #   Energy       mfp_Ra       mfp_Co       mfp_ph       mfp_pp       mfp_tot
 #    (keV)        (cm)         (cm)         (cm)         (cm)         (cm)
 #------------------------------------------------------------------------------
   5.00000E-02  1.47714E-01  1.63965E+01  4.22164E-05  1.00000E+35  4.22042E-05
   5.23318E-02  1.47719E-01  1.63850E+01  4.40826E-05  1.00000E+35  4.40694E-05
   5.47723E-02  1.47724E-01  1.63735E+01  4.61867E-05  1.00000E+35  4.61722E-05
   5.73266E-02  1.47730E-01  1.63615E+01  4.85561E-05  1.00000E+35  4.85400E-05
   6.00000E-02  1.47736E-01  1.63491E+01  5.11690E-05  1.00000E+35  5.11512E-05
   6.48074E-02  1.47749E-01  1.63267E+01  5.63180E-05  1.00000E+35  5.62963E-05
   7.00000E-02  1.47764E-01  1.63024E+01  6.24030E-05  1.00000E+35  6.23765E-05
   7.48331E-02  1.47778E-01  1.62796E+01  6.84860E-05  1.00000E+35  6.84540E-05
   8.00000E-02  1.47794E-01  1.62555E+01  7.54454E-05  1.00000E+35  7.54066E-05
   8.07300E-02  1.47797E-01  1.62521E+01  7.64555E-05  1.00000E+35  7.64156E-05
   8.07300E-02  1.47797E-01  1.62521E+01  1.12424E-05  1.00000E+35  1.12415E-05
   8.12000E-02  1.47798E-01  1.62500E+01  1.00771E-05  1.00000E+35  1.00764E-05
   8.12000E-02  1.47798E-01  1.62500E+01  7.31525E-06  1.00000E+35  7.31488E-06
   8.22511E-02  1.47802E-01  1.62452E+01  5.81301E-06  1.00000E+35  5.81278E-06
   8.33159E-02  1.47805E-01  1.62403E+01  4.83761E-06  1.00000E+35  4.83745E-06
   8.43944E-02  1.47809E-01  1.62352E+01  4.19718E-06  1.00000E+35  4.19706E-06
   8.54868E-02  1.47813E-01  1.62300E+01  3.76884E-06  1.00000E+35  3.76875E-06
   8.65935E-02  1.47817E-01  1.62249E+01  3.48115E-06  1.00000E+35  3.48107E-06
   8.77144E-02  1.47821E-01  1.62197E+01  3.28557E-06  1.00000E+35  3.28550E-06
   8.88499E-02  1.47825E-01  1.62146E+01  3.15291E-06  1.00000E+35  3.15284E-06
   9.00000E-02  1.47829E-01  1.62094E+01  3.06074E-06  1.00000E+35  3.06068E-06
   9.11931E-02  1.47834E-01  1.62038E+01  2.99603E-06  1.00000E+35  2.99597E-06
   9.24021E-02  1.47839E-01  1.61981E+01  2.95359E-06  1.00000E+35  2.95353E-06
   9.36271E-02  1.47843E-01  1.61924E+01  2.92546E-06  1.00000E+35  2.92540E-06
   9.48683E-02  1.47848E-01  1.61867E+01  2.90637E-06  1.00000E+35  2.90631E-06
   9.74004E-02  1.47857E-01  1.61753E+01  2.88337E-06  1.00000E+35  2.88332E-06
   1.00000E-01  1.47868E-01  1.61633E+01  2.87205E-06  1.00000E+35  2.87200E-06
   1.04881E-01  1.47888E-01  1.61409E+01  2.87132E-06  1.00000E+35  2.87127E-06
   1.07410E-01  1.47899E-01  1.61295E+01  2.87991E-06  1.00000E+35  2.87985E-06
   1.10000E-01  1.47911E-01  1.61174E+01  2.89561E-06  1.00000E+35  2.89556E-06
   1.12196E-01  1.47921E-01  1.61073E+01  2.91236E-06  1.00000E+35  2.91231E-06
   1.14436E-01  1.47931E-01  1.60973E+01  2.94048E-06  1.00000E+35  2.94042E-06
   1.16720E-01  1.47941E-01  1.60871E+01  2.97226E-06  1.00000E+35  2.97220E-06
   1.19050E-01  1.47953E-01  1.60762E+01  3.01328E-06  1.00000E+35  3.01322E-06
   1.19050E-01  1.47953E-01  1.60762E+01  2.73531E-06  1.00000E+35  2.73526E-06
   1.20000E-01  1.47958E-01  1.60718E+01  2.75389E-06  1.00000E+35  2.75383E-06
   1.22425E-01  1.47970E-01  1.60608E+01  2.80119E-06  1.00000E+35  2.80114E-06
   1.24900E-01  1.47982E-01  1.60498E+01  2.85815E-06  1.00000E+35  2.85809E-06
   1.27424E-01  1.47995E-01  1.60385E+01  2.91952E-06  1.00000E+35  2.91946E-06
   1.30000E-01  1.48009E-01  1.60266E+01  2.99298E-06  1.00000E+35  2.99291E-06
   1.32431E-01  1.48022E-01  1.60156E+01  3.06474E-06  1.00000E+35  3.06468E-06
   1.34907E-01  1.48035E-01  1.60046E+01  3.14492E-06  1.00000E+35  3.14485E-06
   1.40000E-01  1.48063E-01  1.59818E+01  3.32281E-06  1.00000E+35  3.32274E-06
   1.44914E-01  1.48092E-01  1.59596E+01  3.50748E-06  1.00000E+35  3.50740E-06
   1.50000E-01  1.48121E-01  1.59374E+01  3.71058E-06  1.00000E+35  3.71048E-06
   1.59687E-01  1.48182E-01  1.58939E+01  4.12895E-06  1.00000E+35  4.12884E-06
   1.70000E-01  1.48251E-01  1.58482E+01  4.62209E-06  1.00000E+35  4.62195E-06
   1.80000E-01  1.48320E-01  1.58046E+01  5.14821E-06  1.00000E+35  5.14803E-06
   1.84932E-01  1.48357E-01  1.57827E+01  5.42331E-06  1.00000E+35  5.42311E-06
   1.90000E-01  1.48394E-01  1.57609E+01  5.72524E-06  1.00000E+35  5.72502E-06
   1.99750E-01  1.48471E-01  1.57184E+01  6.33431E-06  1.00000E+35  6.33403E-06
   2.10000E-01  1.48552E-01  1.56750E+01  7.03436E-06  1.00000E+35  7.03402E-06
   2.30000E-01  1.48726E-01  1.55894E+01  8.54409E-06  1.00000E+35  8.54359E-06
   2.40000E-01  1.48821E-01  1.55465E+01  9.36893E-06  1.00000E+35  9.36833E-06
   2.60000E-01  1.49016E-01  1.54627E+01  1.11783E-05  1.00000E+35  1.11774E-05
   2.80000E-01  1.49226E-01  1.53799E+01  1.31982E-05  1.00000E+35  1.31970E-05
   2.94618E-01  1.49383E-01  1.53209E+01  1.48183E-05  1.00000E+35  1.48168E-05
   3.10000E-01  1.49568E-01  1.52575E+01  1.66713E-05  1.00000E+35  1.66694E-05
   3.30000E-01  1.49813E-01  1.51773E+01  1.92862E-05  1.00000E+35  1.92837E-05
   3.60000E-01  1.50207E-01  1.50586E+01  2.36945E-05  1.00000E+35  2.36907E-05
   3.90000E-01  1.50630E-01  1.49422E+01  2.86942E-05  1.00000E+35  2.86887E-05
   4.20000E-01  1.51082E-01  1.48282E+01  3.43357E-05  1.00000E+35  3.43278E-05
   4.50000E-01  1.51557E-01  1.47167E+01  4.06694E-05  1.00000E+35  4.06584E-05
   4.80000E-01  1.52075E-01  1.46056E+01  4.76874E-05  1.00000E+35  4.76723E-05
   5.20000E-01  1.52800E-01  1.44616E+01  5.82094E-05  1.00000E+35  5.81870E-05
   5.70000E-01  1.53768E-01  1.42861E+01  7.33487E-05  1.00000E+35  7.33133E-05
   6.10000E-01  1.54604E-01  1.41473E+01  8.70470E-05  1.00000E+35  8.69975E-05
   6.60000E-01  1.55704E-01  1.39758E+01  1.06469E-04  1.00000E+35  1.06395E-04
   7.10000E-01  1.56868E-01  1.38041E+01  1.28384E-04  1.00000E+35  1.28278E-04
   7.70000E-01  1.58349E-01  1.35948E+01  1.58265E-04  1.00000E+35  1.58105E-04
   8.30000E-01  1.59912E-01  1.33795E+01  1.92386E-04  1.00000E+35  1.92152E-04
   9.00000E-01  1.61840E-01  1.31174E+01  2.37624E-04  1.00000E+35  2.37272E-04
   9.70000E-01  1.63861E-01  1.28447E+01  2.89312E-04  1.00000E+35  2.88796E-04
   1.00000E+00  1.64786E-01  1.27192E+01  3.13415E-04  1.00000E+35  3.12812E-04
   1.25000E+00  1.72868E-01  1.16641E+01  5.67366E-04  1.00000E+35  5.65483E-04
   1.50000E+00  1.81854E-01  1.06167E+01  9.26487E-04  1.00000E+35  9.21711E-04
   1.54990E+00  1.83729E-01  1.04188E+01  1.01268E-03  1.00000E+35  1.00703E-03
   1.54990E+00  1.83729E-01  1.04188E+01  8.74906E-05  1.00000E+35  8.74482E-05
   1.59767E+00  1.85489E-01  1.02384E+01  9.29116E-05  1.00000E+35  9.28643E-05
   1.64691E+00  1.87420E-01  1.00504E+01  1.00058E-04  1.00000E+35  1.00003E-04
   1.69767E+00  1.89371E-01  9.86578E+00  1.08006E-04  1.00000E+35  1.07943E-04
   1.75000E+00  1.91381E-01  9.68264E+00  1.16823E-04  1.00000E+35  1.16750E-04
   2.00000E+00  2.01346E-01  8.88197E+00  1.64266E-04  1.00000E+35  1.64129E-04
   2.23607E+00  2.10892E-01  8.24474E+00  2.18085E-04  1.00000E+35  2.17854E-04
   2.50000E+00  2.21820E-01  7.64312E+00  2.90657E-04  1.00000E+35  2.90266E-04
   3.00000E+00  2.42761E-01  6.75007E+00  4.71128E-04  1.00000E+35  4.70182E-04
   3.50000E+00  2.64165E-01  6.08173E+00  7.15191E-04  1.00000E+35  7.13176E-04
   4.00000E+00  2.86282E-01  5.56412E+00  1.03201E-03  1.00000E+35  1.02811E-03
   4.50000E+00  3.09547E-01  5.15306E+00  1.43435E-03  1.00000E+35  1.42734E-03
   5.00000E+00  3.34121E-01  4.81950E+00  1.92901E-03  1.00000E+35  1.91718E-03
   6.00000E+00  3.87814E-01  4.31433E+00  3.24550E-03  1.00000E+35  3.21617E-03
   7.00000E+00  4.48423E-01  3.95467E+00  5.06764E-03  1.00000E+35  5.00467E-03
   8.00000E+00  5.15988E-01  3.68757E+00  7.48778E-03  1.00000E+35  7.36593E-03
   9.00000E+00  5.91508E-01  3.48452E+00  1.06059E-02  1.00000E+35  1.03880E-02
   1.00000E+01  6.74139E-01  3.32406E+00  1.44996E-02  1.00000E+35  1.41340E-02
   1.25000E+01  9.13954E-01  3.04361E+00  2.83579E-02  1.00000E+35  2.72582E-02
   1.50000E+01  1.19829E+00  2.86446E+00  4.93538E-02  1.00000E+35  4.66298E-02
   1.75000E+01  1.50501E+00  2.74234E+00  7.92093E-02  1.00000E+35  7.32393E-02
   2.00000E+01  1.83126E+00  2.65542E+00  1.19723E-01  1.00000E+35  1.07814E-01
   2.23607E+01  2.16241E+00  2.59597E+00  1.69271E-01  1.00000E+35  1.48031E-01
   2.50000E+01  2.56116E+00  2.54697E+00  2.39897E-01  1.00000E+35  2.01958E-01
   3.00000E+01  3.40338E+00  2.48776E+00  4.25184E-01  1.00000E+35  3.28114E-01
   3.50000E+01  4.36557E+00  2.45695E+00  6.92702E-01  1.00000E+35  4.80839E-01
   4.00000E+01  5.45084E+00  2.44303E+00  1.05841E+00  1.00000E+35  6.50365E-01
   4.50000E+01  6.66463E+00  2.44115E+00  1.54171E+00  1.00000E+35  8.27595E-01
   5.00000E+01  8.00461E+00  2.44663E+00  2.15851E+00  1.00000E+35  1.00307E+00
   6.00000E+01  1.10666E+01  2.47284E+00  3.87768E+00  1.00000E+35  1.32865E+00
   7.00000E+01  1.46355E+01  2.51163E+00  6.37089E+00  1.00000E+35  1.60401E+00
   8.00000E+01  1.87055E+01  2.55680E+00  9.80363E+00  1.00000E+35  1.82957E+00
   9.00000E+01  2.32762E+01  2.60548E+00  1.43388E+01  1.00000E+35  2.01406E+00
   1.00000E+02  2.83479E+01  2.65586E+00  2.01477E+01  1.00000E+35  2.16715E+00
   1.25000E+02  4.32538E+01  2.78620E+00  4.13568E+01  1.00000E+35  2.46177E+00
   1.50000E+02  6.13539E+01  2.91592E+00  7.42270E+01  1.00000E+35  2.68301E+00
   1.62019E+02  7.12040E+01  2.97757E+00  9.50387E+01  1.00000E+35  2.77461E+00
   1.75000E+02  8.26820E+01  3.04331E+00  1.21360E+02  1.00000E+35  2.86596E+00
   2.00000E+02  1.07247E+02  3.16708E+00  1.85095E+02  1.00000E+35  3.02594E+00
   2.23607E+02  1.33433E+02  3.28098E+00  2.62338E+02  1.00000E+35  3.16363E+00
   2.50000E+02  1.66140E+02  3.40431E+00  3.70475E+02  1.00000E+35  3.30618E+00
   2.61659E+02  1.81749E+02  3.45778E+00  4.26317E+02  1.00000E+35  3.36643E+00
   2.73861E+02  1.98837E+02  3.51266E+00  4.89576E+02  1.00000E+35  3.42752E+00
   3.00000E+02  2.38066E+02  3.62810E+00  6.45000E+02  1.00000E+35  3.55395E+00
   3.24037E+02  2.77295E+02  3.73168E+00  8.10837E+02  1.00000E+35  3.66549E+00
   3.50000E+02  3.23057E+02  3.84077E+00  1.01703E+03  1.00000E+35  3.78153E+00
   3.74166E+02  3.68817E+02  3.93997E+00  1.23457E+03  1.00000E+35  3.88605E+00
   4.00000E+02  4.21107E+02  4.04351E+00  1.49255E+03  1.00000E+35  3.99434E+00
   4.24264E+02  4.73390E+02  4.13848E+00  1.76154E+03  1.00000E+35  4.09308E+00
   4.50000E+02  5.32217E+02  4.23762E+00  2.07304E+03  1.00000E+35  4.19564E+00
   5.00000E+02  6.56391E+02  4.42441E+00  2.75528E+03  1.00000E+35  4.38779E+00
   5.47723E+02  7.87107E+02  4.59723E+00  3.49768E+03  1.00000E+35  4.56457E+00
   6.00000E+02  9.43962E+02  4.78086E+00  4.40917E+03  1.00000E+35  4.75164E+00
   6.48074E+02  1.10081E+03  4.94493E+00  5.33024E+03  1.00000E+35  4.91827E+00
   7.00000E+02  1.28380E+03  5.11776E+00  6.41023E+03  1.00000E+35  5.09339E+00
   7.23762E+02  1.37225E+03  5.19600E+00  6.93764E+03  1.00000E+35  5.17254E+00
   7.48331E+02  1.46679E+03  5.27544E+00  7.49004E+03  1.00000E+35  5.25285E+00
   8.00000E+02  1.67593E+03  5.44041E+00  8.71512E+03  1.00000E+35  5.41944E+00
   8.48528E+02  1.88506E+03  5.59220E+00  9.92828E+03  1.00000E+35  5.57253E+00
   9.00000E+02  2.12033E+03  5.75005E+00  1.12629E+04  1.00000E+35  5.73158E+00
   1.00000E+03  2.61702E+03  6.05057E+00  1.40215E+04  1.00000E+35  6.03401E+00
   1.02200E+03  2.73331E+03  6.11558E+00  1.46450E+04  1.00000E+35  6.09938E+00
   1.13027E+03  3.34247E+03  6.42922E+00  1.79088E+04  9.60405E+04  6.41415E+00
   1.25000E+03  4.08746E+03  6.76654E+00  2.17505E+04  1.24397E+04  6.74960E+00
   1.36931E+03  4.90439E+03  7.09444E+00  2.57584E+04  4.36759E+03  7.07078E+00
   1.50000E+03  5.88466E+03  7.44552E+00  3.03054E+04  2.17291E+03  7.40894E+00
   1.62019E+03  6.86499E+03  7.76193E+00  3.45614E+04  1.37451E+03  7.70796E+00
   1.75000E+03  8.00863E+03  8.09756E+00  3.92443E+04  9.39376E+02  8.01868E+00
   1.87083E+03  9.15232E+03  8.40491E+00  4.37018E+04  7.08825E+02  8.29731E+00
   2.00000E+03  1.04594E+04  8.72811E+00  4.85077E+04  5.52097E+02  8.58371E+00
   2.23607E+03  1.30735E+04  9.30613E+00  5.74836E+04  3.86092E+02  9.07935E+00
   2.36435E+03  1.46162E+04  9.61470E+00  6.24874E+04  3.30896E+02  9.33585E+00
   2.50000E+03  1.63411E+04  9.93621E+00  6.77454E+04  2.86336E+02  9.59597E+00
   2.73861E+03  1.96087E+04  1.04952E+01  7.72312E+04  2.32068E+02  1.00346E+01
   3.00000E+03  2.35300E+04  1.10963E+01  8.76870E+04  1.92230E+02  1.04848E+01
   3.50000E+03  3.20259E+04  1.22166E+01  1.07978E+05  1.45173E+02  1.12632E+01
   4.00000E+03  4.18289E+04  1.33069E+01  1.28480E+05  1.17758E+02  1.19513E+01
   4.24264E+03  4.70571E+04  1.38259E+01  1.38645E+05  1.08195E+02  1.22551E+01
   4.50000E+03  5.29388E+04  1.43694E+01  1.49274E+05  9.97722E+01  1.25564E+01
   5.00000E+03  6.53560E+04  1.54122E+01  1.70292E+05  8.72559E+01  1.30949E+01
   6.00000E+03  9.41115E+04  1.74403E+01  2.12412E+05  7.07106E+01  1.39868E+01
   7.00000E+03  1.28096E+05  1.94076E+01  2.54744E+05  6.04278E+01  1.46872E+01
   8.00000E+03  1.67308E+05  2.13259E+01  2.97496E+05  5.34037E+01  1.52379E+01
   9.00000E+03  2.11749E+05  2.32040E+01  3.40190E+05  4.83192E+01  1.56741E+01
   1.00000E+04  2.61419E+05  2.50471E+01  3.83267E+05  4.44583E+01  1.60194E+01
   1.25000E+04  4.08467E+05  2.95267E+01  4.90653E+05  3.79466E+01  1.66044E+01
   1.50000E+04  5.88192E+05  3.38640E+01  5.98300E+05  3.38193E+01  1.69198E+01
   1.75000E+04  8.00596E+05  3.80863E+01  7.06685E+05  3.09528E+01  1.70747E+01
   2.00000E+04  1.04568E+06  4.22173E+01  8.14341E+05  2.88130E+01  1.71246E+01
   2.50000E+04  1.63386E+06  5.02540E+01  1.03151E+06  2.58439E+01  1.70665E+01
   3.00000E+04  2.35277E+06  5.80538E+01  1.24712E+06  2.38505E+01  1.69049E+01
   3.50000E+04  3.20238E+06  6.56656E+01  1.46351E+06  2.23987E+01  1.67014E+01
   4.00000E+04  4.18271E+06  7.31226E+01  1.68110E+06  2.12881E+01  1.64878E+01
   4.50000E+04  5.29373E+06  8.04522E+01  1.89832E+06  2.04171E+01  1.62842E+01
   5.00000E+04  6.53547E+06  8.76691E+01  2.11418E+06  1.97079E+01  1.60906E+01
   6.00000E+04  9.41110E+06  1.01818E+02  2.54728E+06  1.86115E+01  1.57351E+01
   7.00000E+04  1.28096E+07  1.15655E+02  2.98198E+06  1.78007E+01  1.54263E+01
   8.00000E+04  1.67308E+07  1.29231E+02  3.41779E+06  1.71740E+01  1.51593E+01
   9.00000E+04  2.11749E+07  1.42593E+02  3.85050E+06  1.66787E+01  1.49320E+01
   1.00000E+05  2.61419E+07  1.55763E+02  4.28362E+06  1.62739E+01  1.47344E+01
   1.25000E+05  4.08467E+07  1.88010E+02  5.36850E+06  1.55252E+01  1.43410E+01
   1.50000E+05  5.88192E+07  2.19466E+02  6.45582E+06  1.50031E+01  1.40431E+01
   1.75000E+05  8.00596E+07  2.50292E+02  7.54046E+06  1.46122E+01  1.38062E+01
   2.00000E+05  1.04568E+08  2.80595E+02  8.62286E+06  1.43078E+01  1.36136E+01
   2.50000E+05  1.63387E+08  3.39952E+02  1.07894E+07  1.38734E+01  1.33295E+01
   3.00000E+05  2.35277E+08  3.97954E+02  1.29577E+07  1.35713E+01  1.31237E+01
   3.50000E+05  3.20238E+08  4.54881E+02  1.51271E+07  1.33448E+01  1.29644E+01
   4.00000E+05  4.18271E+08  5.10910E+02  1.72979E+07  1.31684E+01  1.28375E+01
   4.50000E+05  5.29373E+08  5.66190E+02  1.94698E+07  1.30265E+01  1.27335E+01
   5.00000E+05  6.53547E+08  6.20804E+02  2.16426E+07  1.29117E+01  1.26486E+01
   6.00000E+05  9.41110E+08  7.28365E+02  2.59911E+07  1.27398E+01  1.25208E+01
   7.00000E+05  1.28096E+09  8.34073E+02  3.03323E+07  1.26103E+01  1.24225E+01
   8.00000E+05  1.67308E+09  9.38228E+02  3.46679E+07  1.25078E+01  1.23433E+01
   9.00000E+05  2.11749E+09  1.04107E+03  3.90038E+07  1.24254E+01  1.22789E+01
   1.00000E+06  2.61419E+09  1.14275E+03  4.33399E+07  1.23575E+01  1.22253E+01
