 # PENELOPE >>>  Photon cross sections (xs).
 #
 #   Energy        xs_Ra        xs_Co        xs_ph        xs_pp       xs_tot
 #    (keV)       (cm**2)      (cm**2)      (cm**2)      (cm**2)      (cm**2)
 #------------------------------------------------------------------------------
   5.00000E-02  1.12387E-22  1.01248E-24  3.93238E-19  1.00000E-35  3.93351E-19
   5.23318E-02  1.12383E-22  1.01319E-24  3.76590E-19  1.00000E-35  3.76703E-19
   5.47723E-02  1.12379E-22  1.01390E-24  3.59434E-19  1.00000E-35  3.59547E-19
   5.73266E-02  1.12375E-22  1.01464E-24  3.41895E-19  1.00000E-35  3.42008E-19
   6.00000E-02  1.12370E-22  1.01541E-24  3.24436E-19  1.00000E-35  3.24549E-19
   6.48074E-02  1.12360E-22  1.01680E-24  2.94774E-19  1.00000E-35  2.94887E-19
   7.00000E-02  1.12349E-22  1.01832E-24  2.66030E-19  1.00000E-35  2.66143E-19
   7.48331E-02  1.12338E-22  1.01974E-24  2.42401E-19  1.00000E-35  2.42514E-19
   8.00000E-02  1.12326E-22  1.02126E-24  2.20041E-19  1.00000E-35  2.20154E-19
   8.07300E-02  1.12324E-22  1.02147E-24  2.17134E-19  1.00000E-35  2.17247E-19
   8.07300E-02  1.12324E-22  1.02147E-24  1.47665E-18  1.00000E-35  1.47676E-18
   8.12000E-02  1.12323E-22  1.02161E-24  1.64740E-18  1.00000E-35  1.64751E-18
   8.12000E-02  1.12323E-22  1.02161E-24  2.26938E-18  1.00000E-35  2.26949E-18
   8.22511E-02  1.12320E-22  1.02191E-24  2.85585E-18  1.00000E-35  2.85596E-18
   8.33159E-02  1.12317E-22  1.02221E-24  3.43167E-18  1.00000E-35  3.43178E-18
   8.43944E-02  1.12314E-22  1.02254E-24  3.95529E-18  1.00000E-35  3.95540E-18
   8.54868E-02  1.12311E-22  1.02286E-24  4.40482E-18  1.00000E-35  4.40493E-18
   8.65935E-02  1.12308E-22  1.02319E-24  4.76885E-18  1.00000E-35  4.76896E-18
   8.77144E-02  1.12305E-22  1.02351E-24  5.05272E-18  1.00000E-35  5.05283E-18
   8.88499E-02  1.12302E-22  1.02384E-24  5.26532E-18  1.00000E-35  5.26543E-18
   9.00000E-02  1.12299E-22  1.02416E-24  5.42387E-18  1.00000E-35  5.42398E-18
   9.11931E-02  1.12295E-22  1.02452E-24  5.54102E-18  1.00000E-35  5.54113E-18
   9.24021E-02  1.12292E-22  1.02488E-24  5.62064E-18  1.00000E-35  5.62075E-18
   9.36271E-02  1.12288E-22  1.02524E-24  5.67470E-18  1.00000E-35  5.67481E-18
   9.48683E-02  1.12285E-22  1.02560E-24  5.71196E-18  1.00000E-35  5.71207E-18
   9.74004E-02  1.12278E-22  1.02632E-24  5.75752E-18  1.00000E-35  5.75763E-18
   1.00000E-01  1.12270E-22  1.02709E-24  5.78021E-18  1.00000E-35  5.78032E-18
   1.04881E-01  1.12254E-22  1.02851E-24  5.78168E-18  1.00000E-35  5.78179E-18
   1.07410E-01  1.12246E-22  1.02923E-24  5.76445E-18  1.00000E-35  5.76456E-18
   1.10000E-01  1.12237E-22  1.03001E-24  5.73318E-18  1.00000E-35  5.73329E-18
   1.12196E-01  1.12229E-22  1.03065E-24  5.70021E-18  1.00000E-35  5.70032E-18
   1.14436E-01  1.12222E-22  1.03130E-24  5.64571E-18  1.00000E-35  5.64582E-18
   1.16720E-01  1.12214E-22  1.03195E-24  5.58534E-18  1.00000E-35  5.58545E-18
   1.19050E-01  1.12205E-22  1.03265E-24  5.50931E-18  1.00000E-35  5.50942E-18
   1.19050E-01  1.12205E-22  1.03265E-24  6.06917E-18  1.00000E-35  6.06928E-18
   1.20000E-01  1.12201E-22  1.03293E-24  6.02824E-18  1.00000E-35  6.02835E-18
   1.22425E-01  1.12192E-22  1.03364E-24  5.92643E-18  1.00000E-35  5.92654E-18
   1.24900E-01  1.12183E-22  1.03435E-24  5.80833E-18  1.00000E-35  5.80844E-18
   1.27424E-01  1.12173E-22  1.03508E-24  5.68624E-18  1.00000E-35  5.68635E-18
   1.30000E-01  1.12163E-22  1.03584E-24  5.54668E-18  1.00000E-35  5.54679E-18
   1.32431E-01  1.12153E-22  1.03656E-24  5.41680E-18  1.00000E-35  5.41691E-18
   1.34907E-01  1.12143E-22  1.03727E-24  5.27870E-18  1.00000E-35  5.27881E-18
   1.40000E-01  1.12121E-22  1.03875E-24  4.99609E-18  1.00000E-35  4.99620E-18
   1.44914E-01  1.12100E-22  1.04019E-24  4.73305E-18  1.00000E-35  4.73316E-18
   1.50000E-01  1.12078E-22  1.04164E-24  4.47399E-18  1.00000E-35  4.47410E-18
   1.59687E-01  1.12032E-22  1.04449E-24  4.02065E-18  1.00000E-35  4.02076E-18
   1.70000E-01  1.11980E-22  1.04751E-24  3.59168E-18  1.00000E-35  3.59179E-18
   1.80000E-01  1.11927E-22  1.05040E-24  3.22463E-18  1.00000E-35  3.22474E-18
   1.84932E-01  1.11899E-22  1.05185E-24  3.06106E-18  1.00000E-35  3.06117E-18
   1.90000E-01  1.11871E-22  1.05331E-24  2.89963E-18  1.00000E-35  2.89974E-18
   1.99750E-01  1.11814E-22  1.05615E-24  2.62082E-18  1.00000E-35  2.62093E-18
   2.10000E-01  1.11753E-22  1.05908E-24  2.36000E-18  1.00000E-35  2.36011E-18
   2.30000E-01  1.11622E-22  1.06489E-24  1.94299E-18  1.00000E-35  1.94310E-18
   2.40000E-01  1.11551E-22  1.06783E-24  1.77193E-18  1.00000E-35  1.77204E-18
   2.60000E-01  1.11404E-22  1.07362E-24  1.48512E-18  1.00000E-35  1.48523E-18
   2.80000E-01  1.11248E-22  1.07940E-24  1.25783E-18  1.00000E-35  1.25794E-18
   2.94618E-01  1.11131E-22  1.08356E-24  1.12031E-18  1.00000E-35  1.12042E-18
   3.10000E-01  1.10994E-22  1.08806E-24  9.95787E-19  1.00000E-35  9.95899E-19
   3.30000E-01  1.10812E-22  1.09381E-24  8.60774E-19  1.00000E-35  8.60886E-19
   3.60000E-01  1.10522E-22  1.10243E-24  7.00631E-19  1.00000E-35  7.00743E-19
   3.90000E-01  1.10211E-22  1.11102E-24  5.78552E-19  1.00000E-35  5.78663E-19
   4.20000E-01  1.09882E-22  1.11956E-24  4.83493E-19  1.00000E-35  4.83604E-19
   4.50000E-01  1.09537E-22  1.12804E-24  4.08196E-19  1.00000E-35  4.08307E-19
   4.80000E-01  1.09164E-22  1.13662E-24  3.48123E-19  1.00000E-35  3.48233E-19
   5.20000E-01  1.08646E-22  1.14794E-24  2.85196E-19  1.00000E-35  2.85306E-19
   5.70000E-01  1.07962E-22  1.16205E-24  2.26331E-19  1.00000E-35  2.26440E-19
   6.10000E-01  1.07378E-22  1.17344E-24  1.90714E-19  1.00000E-35  1.90823E-19
   6.60000E-01  1.06620E-22  1.18784E-24  1.55924E-19  1.00000E-35  1.56032E-19
   7.10000E-01  1.05828E-22  1.20262E-24  1.29308E-19  1.00000E-35  1.29415E-19
   7.70000E-01  1.04838E-22  1.22114E-24  1.04894E-19  1.00000E-35  1.05000E-19
   8.30000E-01  1.03814E-22  1.24078E-24  8.62907E-20  1.00000E-35  8.63958E-20
   9.00000E-01  1.02577E-22  1.26558E-24  6.98627E-20  1.00000E-35  6.99665E-20
   9.70000E-01  1.01312E-22  1.29245E-24  5.73812E-20  1.00000E-35  5.74838E-20
   1.00000E+00  1.00743E-22  1.30520E-24  5.29684E-20  1.00000E-35  5.30704E-20
   1.25000E+00  9.60331E-23  1.42327E-24  2.92599E-20  1.00000E-35  2.93574E-20
   1.50000E+00  9.12881E-23  1.56368E-24  1.79183E-20  1.00000E-35  1.80112E-20
   1.54990E+00  9.03565E-23  1.59337E-24  1.63932E-20  1.00000E-35  1.64851E-20
   1.54990E+00  9.03565E-23  1.59337E-24  1.89747E-19  1.00000E-35  1.89839E-19
   1.59767E+00  8.94991E-23  1.62146E-24  1.78676E-19  1.00000E-35  1.78767E-19
   1.64691E+00  8.85769E-23  1.65179E-24  1.65915E-19  1.00000E-35  1.66005E-19
   1.69767E+00  8.76642E-23  1.68269E-24  1.53705E-19  1.00000E-35  1.53794E-19
   1.75000E+00  8.67434E-23  1.71452E-24  1.42105E-19  1.00000E-35  1.42193E-19
   2.00000E+00  8.24506E-23  1.86908E-24  1.01062E-19  1.00000E-35  1.01146E-19
   2.23607E+00  7.87183E-23  2.01354E-24  7.61219E-20  1.00000E-35  7.62026E-20
   2.50000E+00  7.48404E-23  2.17203E-24  5.71157E-20  1.00000E-35  5.71927E-20
   3.00000E+00  6.83845E-23  2.45939E-24  3.52369E-20  1.00000E-35  3.53077E-20
   3.50000E+00  6.28437E-23  2.72966E-24  2.32121E-20  1.00000E-35  2.32777E-20
   4.00000E+00  5.79885E-23  2.98359E-24  1.60862E-20  1.00000E-35  1.61472E-20
   4.50000E+00  5.36303E-23  3.22160E-24  1.15739E-20  1.00000E-35  1.16308E-20
   5.00000E+00  4.96859E-23  3.44456E-24  8.60599E-21  1.00000E-35  8.65912E-21
   6.00000E+00  4.28069E-23  3.84789E-24  5.11510E-21  1.00000E-35  5.16175E-21
   7.00000E+00  3.70210E-23  4.19784E-24  3.27590E-21  1.00000E-35  3.31712E-21
   8.00000E+00  3.21734E-23  4.50191E-24  2.21709E-21  1.00000E-35  2.25377E-21
   9.00000E+00  2.80657E-23  4.76424E-24  1.56527E-21  1.00000E-35  1.59810E-21
   1.00000E+01  2.46256E-23  4.99422E-24  1.14493E-21  1.00000E-35  1.17455E-21
   1.25000E+01  1.81640E-23  5.45441E-24  5.85412E-22  1.00000E-35  6.09030E-22
   1.50000E+01  1.38540E-23  5.79554E-24  3.36369E-22  1.00000E-35  3.56019E-22
   1.75000E+01  1.10305E-23  6.05362E-24  2.09585E-22  1.00000E-35  2.26669E-22
   2.00000E+01  9.06539E-24  6.25176E-24  1.38662E-22  1.00000E-35  1.53979E-22
   2.23607E+01  7.67712E-24  6.39495E-24  9.80740E-23  1.00000E-35  1.12146E-22
   2.50000E+01  6.48187E-24  6.51797E-24  6.92008E-23  1.00000E-35  8.22006E-23
   3.00000E+01  4.87783E-24  6.67311E-24  3.90445E-23  1.00000E-35  5.05954E-23
   3.50000E+01  3.80273E-24  6.75679E-24  2.39657E-23  1.00000E-35  3.45252E-23
   4.00000E+01  3.04560E-24  6.79528E-24  1.56849E-23  1.00000E-35  2.55258E-23
   4.50000E+01  2.49092E-24  6.80051E-24  1.07680E-23  1.00000E-35  2.00594E-23
   5.00000E+01  2.07394E-24  6.78528E-24  7.69099E-24  1.00000E-35  1.65502E-23
   6.00000E+01  1.50011E-24  6.71336E-24  4.28119E-24  1.00000E-35  1.24947E-23
   7.00000E+01  1.13430E-24  6.60968E-24  2.60577E-24  1.00000E-35  1.03497E-23
   8.00000E+01  8.87498E-25  6.49291E-24  1.69336E-24  1.00000E-35  9.07377E-24
   9.00000E+01  7.13220E-25  6.37160E-24  1.15777E-24  1.00000E-35  8.24259E-24
   1.00000E+02  5.85619E-25  6.25074E-24  8.23967E-25  1.00000E-35  7.66033E-24
   1.25000E+02  3.83806E-25  5.95833E-24  4.01411E-25  1.00000E-35  6.74354E-24
   1.50000E+02  2.70579E-25  5.69326E-24  2.23653E-25  1.00000E-35  6.18749E-24
   1.62019E+02  2.33148E-25  5.57538E-24  1.74677E-25  1.00000E-35  5.98320E-24
   1.75000E+02  2.00782E-25  5.45494E-24  1.36792E-25  1.00000E-35  5.79251E-24
   2.00000E+02  1.54793E-25  5.24177E-24  8.96895E-26  1.00000E-35  5.48625E-24
   2.23607E+02  1.24415E-25  5.05979E-24  6.32813E-26  1.00000E-35  5.24748E-24
   2.50000E+02  9.99224E-26  4.87649E-24  4.48102E-26  1.00000E-35  5.02123E-24
   2.61659E+02  9.13408E-26  4.80107E-24  3.89407E-26  1.00000E-35  4.93136E-24
   2.73861E+02  8.34909E-26  4.72607E-24  3.39091E-26  1.00000E-35  4.84347E-24
   3.00000E+02  6.97330E-26  4.57569E-24  2.57381E-26  1.00000E-35  4.67116E-24
   3.24037E+02  5.98679E-26  4.44868E-24  2.04740E-26  1.00000E-35  4.52902E-24
   3.50000E+02  5.13874E-26  4.32233E-24  1.63231E-26  1.00000E-35  4.39004E-24
   3.74166E+02  4.50117E-26  4.21351E-24  1.34469E-26  1.00000E-35  4.27197E-24
   4.00000E+02  3.94225E-26  4.10561E-24  1.11226E-26  1.00000E-35  4.15615E-24
   4.24264E+02  3.50685E-26  4.01140E-24  9.42417E-27  1.00000E-35  4.05589E-24
   4.50000E+02  3.11923E-26  3.91755E-24  8.00808E-27  1.00000E-35  3.95675E-24
   5.00000E+02  2.52915E-26  3.75216E-24  6.02519E-27  1.00000E-35  3.78347E-24
   5.47723E+02  2.10913E-26  3.61110E-24  4.74631E-27  1.00000E-35  3.63694E-24
   6.00000E+02  1.75866E-26  3.47241E-24  3.76513E-27  1.00000E-35  3.49376E-24
   6.48074E+02  1.50808E-26  3.35720E-24  3.11451E-27  1.00000E-35  3.37539E-24
   7.00000E+02  1.29312E-26  3.24382E-24  2.58978E-27  1.00000E-35  3.25934E-24
   7.23762E+02  1.20977E-26  3.19497E-24  2.39290E-27  1.00000E-35  3.20946E-24
   7.48331E+02  1.13179E-26  3.14686E-24  2.21642E-27  1.00000E-35  3.16040E-24
   8.00000E+02  9.90559E-27  3.05144E-24  1.90486E-27  1.00000E-35  3.06325E-24
   8.48528E+02  8.80666E-27  2.96862E-24  1.67210E-27  1.00000E-35  2.97909E-24
   9.00000E+02  7.82950E-27  2.88712E-24  1.47396E-27  1.00000E-35  2.89642E-24
   1.00000E+03  6.34351E-27  2.74372E-24  1.18397E-27  1.00000E-35  2.75125E-24
   1.02200E+03  6.07363E-27  2.71456E-24  1.13357E-27  1.00000E-35  2.72176E-24
   1.13027E+03  4.96672E-27  2.58213E-24  9.26981E-28  1.72855E-28  2.58820E-24
   1.25000E+03  4.06147E-27  2.45341E-24  7.63250E-28  1.33453E-27  2.45957E-24
   1.36931E+03  3.38494E-27  2.34001E-24  6.44492E-28  3.80097E-27  2.34784E-24
   1.50000E+03  2.82108E-27  2.22967E-24  5.47792E-28  7.64002E-27  2.24068E-24
   1.62019E+03  2.41822E-27  2.13878E-24  4.80336E-28  1.20778E-26  2.15376E-24
   1.75000E+03  2.07290E-27  2.05013E-24  4.23019E-28  1.76725E-26  2.07030E-24
   1.87083E+03  1.81387E-27  1.97516E-24  3.79872E-28  2.34206E-26  2.00078E-24
   2.00000E+03  1.58720E-27  1.90202E-24  3.42236E-28  3.00692E-26  1.93402E-24
   2.23607E+03  1.26983E-27  1.78389E-24  2.88797E-28  4.29977E-26  1.82844E-24
   2.36435E+03  1.13580E-27  1.72664E-24  2.65671E-28  5.01701E-26  1.77821E-24
   2.50000E+03  1.01591E-27  1.67077E-24  2.45051E-28  5.79776E-26  1.73001E-24
   2.73861E+03  8.46617E-28  1.58179E-24  2.14953E-28  7.15353E-26  1.65438E-24
   3.00000E+03  7.05529E-28  1.49609E-24  1.89322E-28  8.63607E-26  1.58334E-24
   3.50000E+03  5.18365E-28  1.35890E-24  1.53745E-28  1.14353E-25  1.47393E-24
   4.00000E+03  3.96881E-28  1.24755E-24  1.29211E-28  1.40976E-25  1.38906E-24
   4.24264E+03  3.52786E-28  1.20072E-24  1.19738E-28  1.53436E-25  1.35463E-24
   4.50000E+03  3.13590E-28  1.15531E-24  1.11212E-28  1.66390E-25  1.32212E-24
   5.00000E+03  2.54010E-28  1.07714E-24  9.74862E-29  1.90257E-25  1.26775E-24
   6.00000E+03  1.76398E-28  9.51881E-25  7.81550E-29  2.34775E-25  1.18691E-24
   7.00000E+03  1.29599E-28  8.55392E-25  6.51676E-29  2.74726E-25  1.13031E-24
   8.00000E+03  9.92246E-29  7.78447E-25  5.58027E-29  3.10860E-25  1.08946E-24
   9.00000E+03  7.83997E-29  7.15442E-25  4.87994E-29  3.43571E-25  1.05914E-24
   1.00000E+04  6.35037E-29  6.62795E-25  4.33147E-29  3.73408E-25  1.03631E-24
   1.25000E+04  4.06424E-29  5.62239E-25  3.38347E-29  4.37486E-25  9.99799E-25
   1.50000E+04  2.82239E-29  4.90228E-25  2.77471E-29  4.90876E-25  9.81160E-25
   1.75000E+04  2.07359E-29  4.35881E-25  2.34915E-29  5.36335E-25  9.72260E-25
   2.00000E+04  1.58759E-29  3.93229E-25  2.03859E-29  5.76165E-25  9.69431E-25
   2.50000E+04  1.01606E-29  3.30344E-25  1.60940E-29  6.42360E-25  9.72730E-25
   3.00000E+04  7.05597E-30  2.85960E-25  1.33115E-29  6.96049E-25  9.82029E-25
   3.50000E+04  5.18398E-30  2.52812E-25  1.13433E-29  7.41163E-25  9.93992E-25
   4.00000E+04  3.96898E-30  2.27031E-25  9.87515E-30  7.79827E-25  1.00687E-24
   4.50000E+04  3.13599E-30  2.06347E-25  8.74514E-30  8.13098E-25  1.01946E-24
   5.00000E+04  2.54015E-30  1.89361E-25  7.85225E-30  8.42357E-25  1.03173E-24
   6.00000E+04  1.76399E-30  1.63047E-25  6.51719E-30  8.91981E-25  1.05504E-24
   7.00000E+04  1.29599E-30  1.43540E-25  5.56714E-30  9.32607E-25  1.07615E-24
   8.00000E+04  9.92246E-31  1.28461E-25  4.85726E-30  9.66643E-25  1.09511E-24
   9.00000E+04  7.83997E-31  1.16423E-25  4.31141E-30  9.95349E-25  1.11178E-24
   1.00000E+05  6.35037E-31  1.06579E-25  3.87548E-30  1.02010E-24  1.12669E-24
   1.25000E+05  4.06424E-31  8.82991E-26  3.09231E-30  1.06930E-24  1.15760E-24
   1.50000E+05  2.82239E-31  7.56432E-26  2.57149E-30  1.10651E-24  1.18215E-24
   1.75000E+05  2.07359E-31  6.63268E-26  2.20160E-30  1.13611E-24  1.20244E-24
   2.00000E+05  1.58759E-31  5.91638E-26  1.92524E-30  1.16028E-24  1.21944E-24
   2.50000E+05  1.01606E-31  4.88335E-26  1.53865E-30  1.19661E-24  1.24544E-24
   3.00000E+05  7.05597E-32  4.17161E-26  1.28117E-30  1.22325E-24  1.26497E-24
   3.50000E+05  5.18398E-32  3.64954E-26  1.09744E-30  1.24402E-24  1.28051E-24
   4.00000E+05  3.96898E-32  3.24931E-26  9.59718E-31  1.26067E-24  1.29317E-24
   4.50000E+05  3.13599E-32  2.93207E-26  8.52660E-31  1.27441E-24  1.30373E-24
   5.00000E+05  2.54015E-32  2.67412E-26  7.67055E-31  1.28574E-24  1.31248E-24
   6.00000E+05  1.76399E-32  2.27922E-26  6.38722E-31  1.30309E-24  1.32588E-24
   7.00000E+05  1.29599E-32  1.99036E-26  5.47307E-31  1.31647E-24  1.33637E-24
   8.00000E+05  9.92246E-33  1.76941E-26  4.78860E-31  1.32726E-24  1.34495E-24
   9.00000E+05  7.83997E-33  1.59462E-26  4.25627E-31  1.33606E-24  1.35201E-24
   1.00000E+06  6.35037E-33  1.45273E-26  3.83044E-31  1.34340E-24  1.35793E-24
