 # PENELOPE >>>  Photelectric cross-section ceiling (ph_ceil).
 #
 #   Energy       ph_ceil
 #    (keV)       (cm**2)
 #--------------------------
   4.99995E-02  3.93242E-19
   5.44069E-02  3.93242E-19
   5.44069E-02  3.61903E-19
   5.92029E-02  3.61903E-19
   5.92029E-02  3.29464E-19
   6.44216E-02  3.29464E-19
   6.44216E-02  2.96972E-19
   7.01004E-02  2.96972E-19
   7.01004E-02  2.65500E-19
   7.62797E-02  2.65500E-19
   7.62797E-02  3.25255E-18
   8.30037E-02  3.25255E-18
   8.30037E-02  5.45524E-18
   9.03205E-02  5.45524E-18
   9.03205E-02  5.76527E-18
   9.82822E-02  5.76527E-18
   9.82822E-02  5.78168E-18
   1.06946E-01  5.78168E-18
   1.06946E-01  5.76758E-18
   1.16373E-01  5.76758E-18
   1.16373E-01  6.06917E-18
   1.26631E-01  6.06917E-18
   1.26631E-01  5.72405E-18
   1.37794E-01  5.72405E-18
   1.37794E-01  5.11533E-18
   1.49940E-01  5.11533E-18
   1.49940E-01  4.47690E-18
   1.63157E-01  4.47690E-18
   1.63157E-01  3.86780E-18
   1.77540E-01  3.86780E-18
   1.77540E-01  3.30943E-18
   1.93190E-01  3.30943E-18
   1.93190E-01  2.80373E-18
   2.10219E-01  2.80373E-18
   2.10219E-01  2.35474E-18
   2.28750E-01  2.35474E-18
   2.28750E-01  1.96575E-18
   2.48914E-01  1.96575E-18
   2.48914E-01  1.63496E-18
   2.70856E-01  1.63496E-18
   2.70856E-01  1.35501E-18
   2.94732E-01  1.35501E-18
   2.94732E-01  1.11931E-18
   3.20712E-01  1.11931E-18
   3.20712E-01  9.19989E-19
   3.48983E-01  9.19989E-19
   3.48983E-01  7.54090E-19
   3.79746E-01  7.54090E-19
   3.79746E-01  6.16624E-19
   4.13220E-01  6.16624E-19
   4.13220E-01  5.02931E-19
   4.49645E-01  5.02931E-19
   4.49645E-01  4.08986E-19
   4.89282E-01  4.08986E-19
   4.89282E-01  3.31905E-19
   5.32412E-01  3.31905E-19
   5.32412E-01  2.68750E-19
   5.79343E-01  2.68750E-19
   5.79343E-01  2.17229E-19
   6.30412E-01  2.17229E-19
   6.30412E-01  1.75322E-19
   6.85983E-01  1.75322E-19
   6.85983E-01  1.41231E-19
   7.46452E-01  1.41231E-19
   7.46452E-01  1.13643E-19
   8.12252E-01  1.13643E-19
   8.12252E-01  9.12827E-20
   8.83852E-01  9.12827E-20
   8.83852E-01  7.32411E-20
   9.61763E-01  7.32411E-20
   9.61763E-01  5.86816E-20
   1.04654E+00  5.86816E-20
   1.04654E+00  4.69323E-20
   1.13879E+00  4.69323E-20
   1.13879E+00  3.74881E-20
   1.23918E+00  3.74881E-20
   1.23918E+00  2.99444E-20
   1.34841E+00  2.99444E-20
   1.34841E+00  2.38642E-20
   1.46727E+00  2.38642E-20
   1.46727E+00  1.89747E-19
   1.59661E+00  1.89747E-19
   1.59661E+00  1.78910E-19
   1.73735E+00  1.78910E-19
   1.73735E+00  1.44794E-19
   1.89050E+00  1.44794E-19
   1.89050E+00  1.16682E-19
   2.05715E+00  1.16682E-19
   2.05715E+00  9.40825E-20
   2.23849E+00  9.40825E-20
   2.23849E+00  7.59106E-20
   2.43581E+00  7.59106E-20
   2.43581E+00  6.10719E-20
   2.65052E+00  6.10719E-20
   2.65052E+00  4.89205E-20
   2.88417E+00  4.89205E-20
   2.88417E+00  3.91111E-20
   3.13840E+00  3.91111E-20
   3.13840E+00  3.11858E-20
   3.41505E+00  3.11858E-20
   3.41505E+00  2.48090E-20
   3.71609E+00  2.48090E-20
   3.71609E+00  1.96907E-20
   4.04366E+00  1.96907E-20
   4.04366E+00  1.56054E-20
   4.40011E+00  1.56054E-20
   4.40011E+00  1.23234E-20
   4.78798E+00  1.23234E-20
   4.78798E+00  9.72122E-21
   5.21004E+00  9.72122E-21
   5.21004E+00  7.65255E-21
   5.66930E+00  7.65255E-21
   5.66930E+00  6.01331E-21
   6.16905E+00  6.01331E-21
   6.16905E+00  4.72034E-21
   6.71284E+00  4.72034E-21
   6.71284E+00  3.69757E-21
   7.30458E+00  3.69757E-21
   7.30458E+00  2.89236E-21
   7.94848E+00  2.89236E-21
   7.94848E+00  2.25937E-21
   8.64913E+00  2.25937E-21
   8.64913E+00  1.76050E-21
   9.41155E+00  1.76050E-21
   9.41155E+00  1.37074E-21
   1.02412E+01  1.37074E-21
   1.02412E+01  1.06578E-21
   1.11439E+01  1.06578E-21
   1.11439E+01  8.26759E-22
   1.21263E+01  8.26759E-22
   1.21263E+01  6.41343E-22
   1.31952E+01  6.41343E-22
   1.31952E+01  4.96620E-22
   1.43583E+01  4.96620E-22
   1.43583E+01  3.84167E-22
   1.56240E+01  3.84167E-22
   1.56240E+01  2.96818E-22
   1.70013E+01  2.96818E-22
   1.70013E+01  2.29032E-22
   1.84999E+01  2.29032E-22
   1.84999E+01  1.76484E-22
   2.01307E+01  1.76484E-22
   2.01307E+01  1.35887E-22
   2.19052E+01  1.35887E-22
   2.19052E+01  1.04543E-22
   2.38362E+01  1.04543E-22
   2.38362E+01  8.03193E-23
   2.59373E+01  8.03193E-23
   2.59373E+01  6.16502E-23
   2.82237E+01  6.16502E-23
   2.82237E+01  4.72899E-23
   3.07116E+01  4.72899E-23
   3.07116E+01  3.62514E-23
   3.34188E+01  3.62514E-23
   3.34188E+01  2.77434E-23
   3.63646E+01  2.77434E-23
   3.63646E+01  2.12253E-23
   3.95702E+01  2.12253E-23
   3.95702E+01  1.62322E-23
   4.30583E+01  1.62322E-23
   4.30583E+01  1.23967E-23
   4.68538E+01  1.23967E-23
   4.68538E+01  9.46530E-24
   5.09840E+01  9.46530E-24
   5.09840E+01  7.22415E-24
   5.54782E+01  7.22415E-24
   5.54782E+01  5.50684E-24
   6.03686E+01  5.50684E-24
   6.03686E+01  4.19756E-24
   6.56901E+01  4.19756E-24
   6.56901E+01  3.19762E-24
   7.14806E+01  3.19762E-24
   7.14806E+01  2.43553E-24
   7.77816E+01  2.43553E-24
   7.77816E+01  1.85426E-24
   8.46381E+01  1.85426E-24
   8.46381E+01  1.41169E-24
   9.20989E+01  1.41169E-24
   9.20989E+01  1.07474E-24
   1.00217E+02  1.07474E-24
   1.00217E+02  8.18221E-25
   1.09051E+02  8.18221E-25
   1.09051E+02  6.23205E-25
   1.18664E+02  6.23205E-25
   1.18664E+02  4.74670E-25
   1.29125E+02  4.74670E-25
   1.29125E+02  3.61710E-25
   1.40507E+02  3.61710E-25
   1.40507E+02  2.75843E-25
   1.52892E+02  2.75843E-25
   1.52892E+02  2.10367E-25
   1.66370E+02  2.10367E-25
   1.66370E+02  1.60594E-25
   1.81035E+02  1.60594E-25
   1.81035E+02  1.22889E-25
   1.96994E+02  1.22889E-25
   1.96994E+02  9.40882E-26
   2.14358E+02  9.40882E-26
   2.14358E+02  7.22136E-26
   2.33254E+02  7.22136E-26
   2.33254E+02  5.55299E-26
   2.53815E+02  5.55299E-26
   2.53815E+02  4.27677E-26
   2.76189E+02  4.27677E-26
   2.76189E+02  3.30520E-26
   3.00535E+02  3.30520E-26
   3.00535E+02  2.56023E-26
   3.27027E+02  2.56023E-26
   3.27027E+02  1.99285E-26
   3.55855E+02  1.99285E-26
   3.55855E+02  1.55556E-26
   3.87223E+02  1.55556E-26
   3.87223E+02  1.21978E-26
   4.21357E+02  1.21978E-26
   4.21357E+02  9.60829E-27
   4.58499E+02  9.60829E-27
   4.58499E+02  7.61353E-27
   4.98916E+02  7.61353E-27
   4.98916E+02  6.06062E-27
   5.42895E+02  6.06062E-27
   5.42895E+02  4.85758E-27
   5.90751E+02  4.85758E-27
   5.90751E+02  3.91670E-27
   6.42825E+02  3.91670E-27
   6.42825E+02  3.17748E-27
   6.99490E+02  3.17748E-27
   6.99490E+02  2.59430E-27
   7.61150E+02  2.59430E-27
   7.61150E+02  2.13263E-27
   8.28245E+02  2.13263E-27
   8.28245E+02  1.76407E-27
   9.01255E+02  1.76407E-27
   9.01255E+02  1.46970E-27
   9.80700E+02  1.46970E-27
   9.80700E+02  1.23293E-27
   1.06715E+03  1.23293E-27
   1.06715E+03  1.03977E-27
   1.16122E+03  1.03977E-27
   1.16122E+03  8.79887E-28
   1.26358E+03  8.79887E-28
   1.26358E+03  7.48105E-28
   1.37496E+03  7.48105E-28
   1.37496E+03  6.39775E-28
   1.49616E+03  6.39775E-28
   1.49616E+03  5.50299E-28
   1.62805E+03  5.50299E-28
   1.62805E+03  4.76518E-28
   1.77156E+03  4.76518E-28
   1.77156E+03  4.14753E-28
   1.92773E+03  4.14753E-28
   1.92773E+03  3.62498E-28
   2.09765E+03  3.62498E-28
   2.09765E+03  3.18289E-28
   2.28256E+03  3.18289E-28
   2.28256E+03  2.80040E-28
   2.48377E+03  2.80040E-28
   2.48377E+03  2.47374E-28
   2.70271E+03  2.47374E-28
   2.70271E+03  2.19069E-28
   2.94096E+03  2.19069E-28
   2.94096E+03  1.94637E-28
   3.20020E+03  1.94637E-28
   3.20020E+03  1.73507E-28
   3.48230E+03  1.73507E-28
   3.48230E+03  1.54801E-28
   3.78926E+03  1.54801E-28
   3.78926E+03  1.38644E-28
   4.12328E+03  1.38644E-28
   4.12328E+03  1.24238E-28
   4.48675E+03  1.24238E-28
   4.48675E+03  1.11624E-28
   4.88225E+03  1.11624E-28
   4.88225E+03  1.00435E-28
   5.31262E+03  1.00435E-28
   5.31262E+03  9.05762E-29
   5.78093E+03  9.05762E-29
   5.78093E+03  8.17596E-29
   6.29051E+03  8.17596E-29
   6.29051E+03  7.39176E-29
   6.84502E+03  7.39176E-29
   6.84502E+03  6.69106E-29
   7.44841E+03  6.69106E-29
   7.44841E+03  6.06321E-29
   8.10498E+03  6.06321E-29
   8.10498E+03  5.49805E-29
   8.81943E+03  5.49805E-29
   8.81943E+03  4.99386E-29
   9.59686E+03  4.99386E-29
   9.59686E+03  4.53793E-29
   1.04428E+04  4.53793E-29
   1.04428E+04  4.12862E-29
   1.13634E+04  4.12862E-29
   1.13634E+04  3.76005E-29
   1.23650E+04  3.76005E-29
   1.23650E+04  3.42437E-29
   1.34550E+04  3.42437E-29
   1.34550E+04  3.12303E-29
   1.46411E+04  3.12303E-29
   1.46411E+04  2.84880E-29
   1.59317E+04  2.84880E-29
   1.59317E+04  2.59987E-29
   1.73360E+04  2.59987E-29
   1.73360E+04  2.37316E-29
   1.88642E+04  2.37316E-29
   1.88642E+04  2.16917E-29
   2.05271E+04  2.16917E-29
   2.05271E+04  1.98318E-29
   2.23365E+04  1.98318E-29
   2.23365E+04  1.81340E-29
   2.43055E+04  1.81340E-29
   2.43055E+04  1.65816E-29
   2.64480E+04  1.65816E-29
   2.64480E+04  1.51777E-29
   2.87794E+04  1.51777E-29
   2.87794E+04  1.38998E-29
   3.13163E+04  1.38998E-29
   3.13163E+04  1.27312E-29
   3.40768E+04  1.27312E-29
   3.40768E+04  1.16624E-29
   3.70807E+04  1.16624E-29
   3.70807E+04  1.06833E-29
   4.03493E+04  1.06833E-29
   4.03493E+04  9.78696E-30
   4.39061E+04  9.78696E-30
   4.39061E+04  8.97003E-30
   4.77764E+04  8.97003E-30
   4.77764E+04  8.22601E-30
   5.19879E+04  8.22601E-30
   5.19879E+04  7.54549E-30
   5.65706E+04  7.54549E-30
   5.65706E+04  6.92128E-30
   6.15573E+04  6.92128E-30
   6.15573E+04  6.34872E-30
   6.69835E+04  6.34872E-30
   6.69835E+04  5.82352E-30
   7.28881E+04  5.82352E-30
   7.28881E+04  5.34190E-30
   7.93132E+04  5.34190E-30
   7.93132E+04  4.90023E-30
   8.63046E+04  4.90023E-30
   8.63046E+04  4.49830E-30
   9.39123E+04  4.49830E-30
   9.39123E+04  4.12974E-30
   1.02191E+05  4.12974E-30
   1.02191E+05  3.79144E-30
   1.11199E+05  3.79144E-30
   1.11199E+05  3.48086E-30
   1.21001E+05  3.48086E-30
   1.21001E+05  3.19573E-30
   1.31667E+05  3.19573E-30
   1.31667E+05  2.93396E-30
   1.43273E+05  2.93396E-30
   1.43273E+05  2.69365E-30
   1.55903E+05  2.69365E-30
   1.55903E+05  2.47341E-30
   1.69646E+05  2.47341E-30
   1.69646E+05  2.27161E-30
   1.84600E+05  2.27161E-30
   1.84600E+05  2.08660E-30
   2.00872E+05  2.08660E-30
   2.00872E+05  1.91684E-30
   2.18579E+05  1.91684E-30
   2.18579E+05  1.76089E-30
   2.37847E+05  1.76089E-30
   2.37847E+05  1.61763E-30
   2.58813E+05  1.61763E-30
   2.58813E+05  1.48603E-30
   2.81627E+05  1.48603E-30
   2.81627E+05  1.36513E-30
   3.06453E+05  1.36513E-30
   3.06453E+05  1.25408E-30
   3.33466E+05  1.25408E-30
   3.33466E+05  1.15208E-30
   3.62861E+05  1.15208E-30
   3.62861E+05  1.05838E-30
   3.94847E+05  1.05838E-30
   3.94847E+05  9.72295E-31
   4.29653E+05  9.72295E-31
   4.29653E+05  8.93213E-31
   4.67527E+05  8.93213E-31
   4.67527E+05  8.20564E-31
   5.08739E+05  8.20564E-31
   5.08739E+05  7.53823E-31
   5.53584E+05  7.53823E-31
   5.53584E+05  6.92511E-31
   6.02383E+05  6.92511E-31
   6.02383E+05  6.36190E-31
   6.55483E+05  6.36190E-31
   6.55483E+05  5.84555E-31
   7.13263E+05  5.84555E-31
   7.13263E+05  5.37124E-31
   7.76137E+05  5.37124E-31
   7.76137E+05  4.93591E-31
   8.44553E+05  4.93591E-31
   8.44553E+05  4.53585E-31
   9.19000E+05  4.53585E-31
   9.19000E+05  4.16823E-31
   1.00001E+06  4.16823E-31
