 # PENELOPE >>>  Positron mean free paths (mfp).
 #
 # NOTE: The xs for inner shell ionization (isi) is listed only for
 #       completeness. The xs for inelastic collisions (in) has been
 #       calculated by considering all inelastic events, including isi.
 #       The bremss (br) xs is for emission of photons with W >10 eV.
 #
 #   Energy       mfp_el       mfp_in       mfp_br       mfp_an       mfp_tot      mfp_isi
 #    (keV)        (cm)         (cm)         (cm)         (cm)         (cm)         (cm)
 #-------------------------------------------------------------------------------------------
   4.99995E-02  2.77673E-08  2.20330E-08  1.78013E-01  7.16037E-02  1.22850E-08  1.00000E+35
   5.44069E-02  2.87107E-08  2.30162E-08  1.71308E-01  7.46925E-02  1.27750E-08  1.00000E+35
   5.92029E-02  2.97020E-08  2.41097E-08  1.65329E-01  7.79145E-02  1.33076E-08  1.00000E+35
   6.44216E-02  3.07584E-08  2.53157E-08  1.59985E-01  8.12754E-02  1.38864E-08  1.00000E+35
   7.01004E-02  3.18848E-08  2.66379E-08  1.55202E-01  8.47813E-02  1.45131E-08  1.00000E+35
   7.62797E-02  3.30822E-08  2.80811E-08  1.50916E-01  8.84383E-02  1.51886E-08  1.00000E+35
   8.30037E-02  3.43562E-08  2.96513E-08  1.47073E-01  9.22530E-02  1.59154E-08  1.00000E+35
   9.03205E-02  3.57135E-08  3.13553E-08  1.43624E-01  9.62321E-02  1.66964E-08  1.00000E+35
   9.82822E-02  3.71594E-08  3.32010E-08  1.40528E-01  1.00383E-01  1.75344E-08  1.00000E+35
   1.06946E-01  3.87004E-08  3.51970E-08  1.37748E-01  1.04712E-01  1.84328E-08  1.00000E+35
   1.16373E-01  4.03431E-08  3.73531E-08  1.35251E-01  1.09229E-01  1.93953E-08  1.00000E+35
   1.26631E-01  4.20943E-08  3.96799E-08  1.33009E-01  1.13939E-01  2.04257E-08  5.31729E-04
   1.37794E-01  4.39616E-08  4.21891E-08  1.30995E-01  1.18853E-01  2.15286E-08  1.88923E-04
   1.49940E-01  4.59526E-08  4.48936E-08  1.29187E-01  1.23979E-01  2.27084E-08  1.07453E-04
   1.63157E-01  4.80755E-08  4.78070E-08  1.27563E-01  1.29325E-01  2.39704E-08  7.30784E-05
   1.77540E-01  5.03390E-08  4.97450E-08  1.26105E-01  1.34902E-01  2.50201E-08  5.42591E-05
   1.93190E-01  5.27519E-08  5.23703E-08  1.24796E-01  1.40719E-01  2.62802E-08  4.28323E-05
   2.10219E-01  5.53242E-08  5.53473E-08  1.23622E-01  1.46787E-01  2.76679E-08  3.52510E-05
   2.28750E-01  5.80659E-08  5.86276E-08  1.22568E-01  1.53116E-01  2.91727E-08  3.00887E-05
   2.48914E-01  6.09881E-08  6.22064E-08  1.21624E-01  1.59717E-01  3.07956E-08  2.63317E-05
   2.70856E-01  6.41023E-08  6.59779E-08  1.20780E-01  1.66602E-01  3.25133E-08  2.35188E-05
   2.94732E-01  6.74208E-08  6.99457E-08  1.20026E-01  1.73784E-01  3.43300E-08  2.13743E-05
   3.20712E-01  7.09570E-08  7.43213E-08  1.19355E-01  1.81275E-01  3.63001E-08  1.97903E-05
   3.48983E-01  7.47251E-08  7.90724E-08  1.18762E-01  1.89088E-01  3.84186E-08  1.85611E-05
   3.79746E-01  7.87407E-08  8.42126E-08  1.18241E-01  1.97237E-01  4.06924E-08  1.76098E-05
   4.13220E-01  8.30204E-08  8.97641E-08  1.17787E-01  2.05737E-01  4.31303E-08  1.68864E-05
   4.49645E-01  8.75820E-08  9.57536E-08  1.17398E-01  2.14602E-01  4.57428E-08  1.63543E-05
   4.89282E-01  9.24444E-08  1.02211E-07  1.17072E-01  2.23848E-01  4.85413E-08  1.59890E-05
   5.32412E-01  9.76291E-08  1.09170E-07  1.16806E-01  2.33491E-01  5.15387E-08  1.57547E-05
   5.79343E-01  1.03159E-07  1.16666E-07  1.16599E-01  2.43548E-01  5.47487E-08  1.56279E-05
   6.30412E-01  1.09058E-07  1.24739E-07  1.16450E-01  2.54036E-01  5.81864E-08  1.56122E-05
   6.85983E-01  1.15354E-07  1.33432E-07  1.16359E-01  2.64975E-01  6.18681E-08  1.56862E-05
   7.46452E-01  1.22076E-07  1.42790E-07  1.16327E-01  2.76383E-01  6.58116E-08  1.58500E-05
   8.12252E-01  1.29256E-07  1.52865E-07  1.16353E-01  2.88279E-01  7.00362E-08  1.60937E-05
   8.83852E-01  1.36928E-07  1.63709E-07  1.16437E-01  3.00685E-01  7.45629E-08  1.64184E-05
   9.61763E-01  1.45131E-07  1.75381E-07  1.16581E-01  3.13622E-01  7.94141E-08  1.68173E-05
   1.04654E+00  1.53906E-07  1.87944E-07  1.16784E-01  3.27113E-01  8.46150E-08  1.73274E-05
   1.13879E+00  1.63299E-07  2.01465E-07  1.17060E-01  3.41180E-01  9.01928E-08  1.79005E-05
   1.23918E+00  1.73361E-07  2.16018E-07  1.17430E-01  3.55848E-01  9.61764E-08  1.84925E-05
   1.34841E+00  1.84145E-07  2.31680E-07  1.17919E-01  3.71141E-01  1.02598E-07  1.92297E-05
   1.46727E+00  1.95710E-07  2.48537E-07  1.18549E-01  3.87087E-01  1.09491E-07  2.00113E-05
   1.59661E+00  2.08122E-07  2.66678E-07  1.19345E-01  4.03712E-01  1.16895E-07  2.08807E-05
   1.73735E+00  2.21452E-07  2.86203E-07  1.20309E-01  4.21043E-01  1.24849E-07  2.18402E-05
   1.89050E+00  2.35778E-07  3.07217E-07  1.21438E-01  4.39111E-01  1.33399E-07  2.29021E-05
   2.05715E+00  2.51183E-07  3.29833E-07  1.22724E-01  4.57945E-01  1.42592E-07  2.40293E-05
   2.23849E+00  2.67761E-07  3.54172E-07  1.24168E-01  4.77577E-01  1.52482E-07  2.52542E-05
   2.43581E+00  2.85612E-07  3.80366E-07  1.25779E-01  4.98039E-01  1.63124E-07  2.65974E-05
   2.65052E+00  3.04844E-07  4.08556E-07  1.27565E-01  5.19365E-01  1.74580E-07  2.80576E-05
   2.88417E+00  3.25577E-07  4.38893E-07  1.29538E-01  5.41590E-01  1.86918E-07  2.96134E-05
   3.13840E+00  3.47939E-07  4.71539E-07  1.31708E-01  5.64749E-01  2.00209E-07  3.12924E-05
   3.41505E+00  3.72071E-07  5.06668E-07  1.34079E-01  5.88880E-01  2.14530E-07  3.31020E-05
   3.71609E+00  3.98124E-07  5.44377E-07  1.36653E-01  6.14020E-01  2.29951E-07  3.50597E-05
   4.04366E+00  4.26261E-07  5.84972E-07  1.39431E-01  6.40210E-01  2.46580E-07  3.71538E-05
   4.40011E+00  4.56660E-07  6.28661E-07  1.42418E-01  6.67490E-01  2.64515E-07  3.94216E-05
   4.78798E+00  4.89514E-07  6.75665E-07  1.45626E-01  6.95901E-01  2.83859E-07  4.18587E-05
   5.21004E+00  5.25028E-07  7.26228E-07  1.49069E-01  7.25488E-01  3.04725E-07  4.44859E-05
   5.66930E+00  5.63428E-07  7.80609E-07  1.52758E-01  7.56293E-01  3.27235E-07  4.73060E-05
   6.16905E+00  6.04953E-07  8.39091E-07  1.56699E-01  7.88363E-01  3.51519E-07  5.03201E-05
   6.71284E+00  6.49864E-07  9.01970E-07  1.60898E-01  8.21742E-01  3.77718E-07  5.35744E-05
   7.30458E+00  6.98436E-07  9.69565E-07  1.65359E-01  8.56479E-01  4.05981E-07  5.70625E-05
   7.94848E+00  7.50971E-07  1.04222E-06  1.70086E-01  8.92621E-01  4.36469E-07  6.08038E-05
   8.64913E+00  8.07790E-07  1.12028E-06  1.75086E-01  9.30217E-01  4.69354E-07  6.48342E-05
   9.41155E+00  8.69237E-07  1.20414E-06  1.80407E-01  9.69316E-01  5.04819E-07  6.91523E-05
   1.02412E+01  9.35678E-07  1.29420E-06  1.86115E-01  1.00997E+00  5.43057E-07  7.37901E-05
   1.11439E+01  1.00750E-06  1.39089E-06  1.92236E-01  1.05223E+00  5.84276E-07  7.87776E-05
   1.21263E+01  1.08513E-06  1.49467E-06  1.98693E-01  1.09614E+00  6.28694E-07  8.40941E-05
   1.31952E+01  1.16900E-06  1.60599E-06  2.05378E-01  1.14175E+00  6.76543E-07  8.98058E-05
   1.43583E+01  1.25959E-06  1.72538E-06  2.12153E-01  1.18913E+00  7.28069E-07  9.59251E-05
   1.56240E+01  1.35740E-06  1.85334E-06  2.18860E-01  1.23831E+00  7.83530E-07  1.02475E-04
   1.70013E+01  1.46294E-06  1.99043E-06  2.25546E-01  1.28934E+00  8.43195E-07  1.09488E-04
   1.84999E+01  1.57676E-06  2.13721E-06  2.32546E-01  1.34228E+00  9.07345E-07  1.16991E-04
   2.01307E+01  1.69945E-06  2.29427E-06  2.40288E-01  1.39717E+00  9.76275E-07  1.25011E-04
   2.19052E+01  1.83160E-06  2.46221E-06  2.49142E-01  1.45406E+00  1.05029E-06  1.33582E-04
   2.38362E+01  1.97384E-06  2.64167E-06  2.59022E-01  1.51299E+00  1.12971E-06  1.42730E-04
   2.59373E+01  2.12681E-06  2.83327E-06  2.69694E-01  1.57401E+00  1.21486E-06  1.52483E-04
   2.82237E+01  2.29118E-06  3.03765E-06  2.80859E-01  1.63715E+00  1.30606E-06  1.62879E-04
   3.07116E+01  2.46762E-06  3.25547E-06  2.92149E-01  1.70245E+00  1.40365E-06  1.73958E-04
   3.34188E+01  2.65682E-06  3.48735E-06  3.03352E-01  1.76995E+00  1.50797E-06  1.85728E-04
   3.63646E+01  2.85946E-06  3.73394E-06  3.14689E-01  1.83968E+00  1.61934E-06  1.98242E-04
   3.95702E+01  3.07623E-06  3.99584E-06  3.26484E-01  1.91167E+00  1.73811E-06  2.11531E-04
   4.30583E+01  3.30781E-06  4.27363E-06  3.39035E-01  1.98594E+00  1.86459E-06  2.25584E-04
   4.68538E+01  3.55483E-06  4.56786E-06  3.52035E-01  2.06251E+00  1.99907E-06  2.40471E-04
   5.09840E+01  3.81792E-06  4.87902E-06  3.64849E-01  2.14141E+00  2.14185E-06  2.56185E-04
   5.54782E+01  4.09766E-06  5.20751E-06  3.77223E-01  2.22264E+00  2.29318E-06  2.72702E-04
   6.03686E+01  4.39456E-06  5.55370E-06  3.89997E-01  2.30623E+00  2.45328E-06  2.90250E-04
   6.56901E+01  4.70905E-06  5.91780E-06  4.04029E-01  2.39219E+00  2.62232E-06  3.08502E-04
   7.14806E+01  5.04150E-06  6.29995E-06  4.19192E-01  2.48052E+00  2.80043E-06  3.27777E-04
   7.77816E+01  5.39215E-06  6.70014E-06  4.35067E-01  2.57124E+00  2.98768E-06  3.47862E-04
   8.46381E+01  5.76110E-06  7.11819E-06  4.51169E-01  2.66436E+00  3.18405E-06  3.68808E-04
   9.20989E+01  6.14835E-06  7.55378E-06  4.67353E-01  2.75991E+00  3.38946E-06  3.90660E-04
   1.00217E+02  6.55374E-06  8.00636E-06  4.83757E-01  2.85791E+00  3.60376E-06  4.13335E-04
   1.09051E+02  6.97689E-06  8.47522E-06  5.00499E-01  2.95840E+00  3.82667E-06  4.36275E-04
   1.18664E+02  7.41723E-06  8.95937E-06  5.17511E-01  3.06142E+00  4.05781E-06  4.60487E-04
   1.29125E+02  7.87400E-06  9.45764E-06  5.34664E-01  3.16704E+00  4.29670E-06  4.85397E-04
   1.40507E+02  8.34626E-06  9.96858E-06  5.51812E-01  3.27534E+00  4.54274E-06  5.10568E-04
   1.52892E+02  8.83294E-06  1.04905E-05  5.68789E-01  3.38643E+00  4.79527E-06  5.36744E-04
   1.66370E+02  9.33255E-06  1.10215E-05  5.85445E-01  3.50044E+00  5.05342E-06  5.62917E-04
   1.81035E+02  9.84283E-06  1.15594E-05  6.01687E-01  3.61754E+00  5.31607E-06  5.89207E-04
   1.96994E+02  1.03629E-05  1.21017E-05  6.17437E-01  3.73793E+00  5.58244E-06  6.15900E-04
   2.14358E+02  1.08932E-05  1.26460E-05  6.32614E-01  3.86188E+00  5.85209E-06  6.42357E-04
   2.33254E+02  1.14276E-05  1.31894E-05  6.47110E-01  3.98966E+00  6.12266E-06  6.68749E-04
   2.53815E+02  1.19561E-05  1.37290E-05  6.60803E-01  4.12164E+00  6.39060E-06  6.95081E-04
   2.76189E+02  1.24735E-05  1.42619E-05  6.73574E-01  4.25821E+00  6.65388E-06  7.20685E-04
   3.00535E+02  1.29914E-05  1.47851E-05  6.85309E-01  4.39984E+00  6.91507E-06  7.45751E-04
   3.27027E+02  1.35197E-05  1.52954E-05  6.95891E-01  4.54708E+00  7.17634E-06  7.69914E-04
   3.55855E+02  1.40470E-05  1.57901E-05  7.05178E-01  4.70052E+00  7.43372E-06  7.93169E-04
   3.87223E+02  1.45606E-05  1.62662E-05  7.13029E-01  4.86084E+00  7.68301E-06  8.15338E-04
   4.21357E+02  1.50608E-05  1.67213E-05  7.19321E-01  5.02880E+00  7.92374E-06  8.36426E-04
   4.58499E+02  1.55470E-05  1.71528E-05  7.24031E-01  5.20524E+00  8.15515E-06  8.55919E-04
   4.98916E+02  1.60164E-05  1.75588E-05  7.27225E-01  5.39106E+00  8.37599E-06  8.74328E-04
   5.42895E+02  1.64670E-05  1.79375E-05  7.28975E-01  5.58728E+00  8.58531E-06  8.90965E-04
   5.90751E+02  1.68973E-05  1.82876E-05  7.29323E-01  5.79498E+00  8.78237E-06  9.06029E-04
   6.42825E+02  1.73061E-05  1.86079E-05  7.28315E-01  6.01534E+00  8.96656E-06  9.19603E-04
   6.99490E+02  1.76920E-05  1.88979E-05  7.26030E-01  6.24961E+00  9.13740E-06  9.31508E-04
   7.61150E+02  1.80542E-05  1.91574E-05  7.22565E-01  6.49915E+00  9.29459E-06  9.41596E-04
   8.28245E+02  1.83938E-05  1.93864E-05  7.18027E-01  6.76540E+00  9.43841E-06  9.50143E-04
   9.01255E+02  1.87095E-05  1.95857E-05  7.12535E-01  7.04990E+00  9.56863E-06  9.57159E-04
   9.80700E+02  1.89985E-05  1.97559E-05  7.06221E-01  7.35428E+00  9.68474E-06  9.62372E-04
   1.06715E+03  1.92655E-05  1.98982E-05  6.99213E-01  7.68025E+00  9.78823E-06  9.66191E-04
   1.16122E+03  1.95120E-05  2.00141E-05  6.91595E-01  8.02963E+00  9.87978E-06  9.68720E-04
   1.26358E+03  1.97369E-05  2.01051E-05  6.83422E-01  8.40434E+00  9.95949E-06  9.69964E-04
   1.37496E+03  1.99396E-05  2.01731E-05  6.74751E-01  8.80639E+00  1.00277E-05  9.69902E-04
   1.49616E+03  2.01218E-05  2.02201E-05  6.65634E-01  9.23790E+00  1.00852E-05  9.68662E-04
   1.62805E+03  2.02851E-05  2.02481E-05  6.56156E-01  9.70109E+00  1.01331E-05  9.66354E-04
   1.77156E+03  2.04311E-05  2.02592E-05  6.46546E-01  1.01983E+01  1.01722E-05  9.63088E-04
   1.92773E+03  2.05611E-05  2.02558E-05  6.37064E-01  1.07320E+01  1.02035E-05  9.58966E-04
   2.09765E+03  2.06763E-05  2.02400E-05  6.27942E-01  1.13048E+01  1.02277E-05  9.54018E-04
   2.28256E+03  2.07781E-05  2.02139E-05  6.19193E-01  1.19193E+01  1.02459E-05  9.48609E-04
   2.48377E+03  2.08681E-05  2.01798E-05  6.10657E-01  1.25785E+01  1.02589E-05  9.42519E-04
   2.70271E+03  2.09478E-05  2.01395E-05  6.02174E-01  1.32853E+01  1.02677E-05  9.35884E-04
   2.94096E+03  2.10185E-05  2.00948E-05  5.93588E-01  1.40430E+01  1.02729E-05  9.28841E-04
   3.20020E+03  2.10810E-05  2.00471E-05  5.84779E-01  1.48548E+01  1.02753E-05  9.21344E-04
   3.48230E+03  2.11361E-05  1.99978E-05  5.75880E-01  1.57245E+01  1.02754E-05  9.13776E-04
   3.78926E+03  2.11846E-05  1.99477E-05  5.67133E-01  1.66558E+01  1.02736E-05  9.05784E-04
   4.12328E+03  2.12278E-05  1.98977E-05  5.58765E-01  1.76527E+01  1.02704E-05  8.97731E-04
   4.48675E+03  2.12666E-05  1.98482E-05  5.50850E-01  1.87195E+01  1.02663E-05  8.89477E-04
   4.88225E+03  2.13007E-05  1.97997E-05  5.43262E-01  1.98609E+01  1.02612E-05  8.81091E-04
   5.31262E+03  2.13308E-05  1.97522E-05  5.35878E-01  2.10817E+01  1.02554E-05  8.72616E-04
   5.78093E+03  2.13573E-05  1.97060E-05  5.28722E-01  2.23873E+01  1.02490E-05  8.64159E-04
   6.29051E+03  2.13807E-05  1.96611E-05  5.21891E-01  2.37833E+01  1.02422E-05  8.55689E-04
   6.84502E+03  2.14009E-05  1.96174E-05  5.15409E-01  2.52757E+01  1.02350E-05  8.47226E-04
   7.44841E+03  2.14182E-05  1.95750E-05  5.09243E-01  2.68711E+01  1.02274E-05  8.38784E-04
   8.10498E+03  2.14327E-05  1.95338E-05  5.03355E-01  2.85766E+01  1.02194E-05  8.30399E-04
   8.81943E+03  2.14450E-05  1.94937E-05  4.97718E-01  3.03995E+01  1.02112E-05  8.22067E-04
   9.59686E+03  2.14554E-05  1.94547E-05  4.92315E-01  3.23482E+01  1.02028E-05  8.13814E-04
   1.04428E+04  2.14644E-05  1.94166E-05  4.87133E-01  3.44313E+01  1.01944E-05  8.05651E-04
   1.13634E+04  2.14723E-05  1.93795E-05  4.82161E-01  3.66583E+01  1.01859E-05  7.97577E-04
   1.23650E+04  2.14787E-05  1.93432E-05  4.77392E-01  3.90393E+01  1.01773E-05  7.89584E-04
   1.34550E+04  2.14834E-05  1.93077E-05  4.72817E-01  4.15853E+01  1.01686E-05  7.81723E-04
   1.46411E+04  2.14864E-05  1.92731E-05  4.68431E-01  4.43081E+01  1.01596E-05  7.73948E-04
   1.59317E+04  2.14878E-05  1.92392E-05  4.64225E-01  4.72204E+01  1.01505E-05  7.66300E-04
   1.73360E+04  2.14881E-05  1.92061E-05  4.60180E-01  5.03358E+01  1.01413E-05  7.58747E-04
   1.88642E+04  2.14880E-05  1.91738E-05  4.56274E-01  5.36691E+01  1.01323E-05  7.51329E-04
   2.05271E+04  2.14873E-05  1.91422E-05  4.52485E-01  5.72362E+01  1.01233E-05  7.44021E-04
   2.23365E+04  2.14857E-05  1.91115E-05  4.48800E-01  6.10542E+01  1.01144E-05  7.36851E-04
   2.43055E+04  2.14835E-05  1.90817E-05  4.45219E-01  6.51416E+01  1.01055E-05  7.29750E-04
   2.64480E+04  2.14812E-05  1.90529E-05  4.41743E-01  6.95181E+01  1.00969E-05  7.22794E-04
   2.87794E+04  2.14792E-05  1.90250E-05  4.38373E-01  7.42053E+01  1.00886E-05  7.15943E-04
   3.13163E+04  2.14776E-05  1.89982E-05  4.35110E-01  7.92261E+01  1.00807E-05  7.09205E-04
   3.40768E+04  2.14767E-05  1.89725E-05  4.31953E-01  8.46054E+01  1.00733E-05  7.02577E-04
   3.70807E+04  2.14767E-05  1.89481E-05  4.28895E-01  9.03699E+01  1.00664E-05  6.96070E-04
   4.03493E+04  2.14777E-05  1.89250E-05  4.25931E-01  9.65483E+01  1.00601E-05  6.89657E-04
   4.39061E+04  2.14799E-05  1.89032E-05  4.23062E-01  1.03172E+02  1.00544E-05  6.83367E-04
   4.77764E+04  2.14826E-05  1.88829E-05  4.20300E-01  1.10274E+02  1.00493E-05  6.77180E-04
   5.19879E+04  2.14859E-05  1.88640E-05  4.17663E-01  1.17890E+02  1.00446E-05  6.71105E-04
   5.65706E+04  2.14895E-05  1.88467E-05  4.15150E-01  1.26060E+02  1.00405E-05  6.65129E-04
   6.15573E+04  2.14929E-05  1.88308E-05  4.12743E-01  1.34824E+02  1.00367E-05  6.59233E-04
   6.69835E+04  2.14960E-05  1.88163E-05  4.10422E-01  1.44229E+02  1.00333E-05  6.53455E-04
   7.28881E+04  2.14991E-05  1.88033E-05  4.08165E-01  1.54323E+02  1.00303E-05  6.47764E-04
   7.93132E+04  2.15021E-05  1.87917E-05  4.05951E-01  1.65157E+02  1.00276E-05  6.42163E-04
   8.63046E+04  2.15044E-05  1.87813E-05  4.03758E-01  1.76788E+02  1.00252E-05  6.36667E-04
   9.39123E+04  2.15064E-05  1.87722E-05  4.01576E-01  1.89277E+02  1.00230E-05  6.31254E-04
   1.02191E+05  2.15064E-05  1.87641E-05  3.99397E-01  2.02690E+02  1.00207E-05  6.25937E-04
   1.11199E+05  2.14928E-05  1.87571E-05  3.97223E-01  2.17096E+02  1.00157E-05  6.20724E-04
   1.21001E+05  2.14767E-05  1.87510E-05  3.95078E-01  2.32573E+02  1.00105E-05  6.15554E-04
   1.31667E+05  2.14694E-05  1.87457E-05  3.92985E-01  2.49201E+02  1.00074E-05  6.10486E-04
   1.43273E+05  2.14709E-05  1.87411E-05  3.90969E-01  2.67070E+02  1.00064E-05  6.05497E-04
   1.55903E+05  2.14731E-05  1.87371E-05  3.89053E-01  2.86274E+02  1.00058E-05  6.00583E-04
   1.69646E+05  2.14728E-05  1.87337E-05  3.87258E-01  3.06917E+02  1.00047E-05  5.95751E-04
   1.84600E+05  2.14724E-05  1.87308E-05  3.85602E-01  3.29108E+02  1.00038E-05  5.90997E-04
   2.00872E+05  2.14726E-05  1.87283E-05  3.84102E-01  3.52969E+02  1.00031E-05  5.86307E-04
   2.18579E+05  2.14727E-05  1.87262E-05  3.82767E-01  3.78626E+02  1.00025E-05  5.81726E-04
   2.37847E+05  2.14726E-05  1.87244E-05  3.81582E-01  4.06220E+02  1.00020E-05  5.77180E-04
   2.58813E+05  2.14726E-05  1.87229E-05  3.80525E-01  4.35900E+02  1.00016E-05  5.72703E-04
   2.81627E+05  2.14726E-05  1.87216E-05  3.79576E-01  4.67829E+02  1.00012E-05  5.68307E-04
   3.06453E+05  2.14726E-05  1.87205E-05  3.78713E-01  5.02179E+02  1.00009E-05  5.63962E-04
   3.33466E+05  2.14726E-05  1.87195E-05  3.77916E-01  5.39140E+02  1.00006E-05  5.59699E-04
   3.62861E+05  2.14726E-05  1.87187E-05  3.77160E-01  5.78915E+02  1.00004E-05  5.55490E-04
   3.94847E+05  2.14726E-05  1.87180E-05  3.76422E-01  6.21723E+02  1.00002E-05  5.51342E-04
   4.29653E+05  2.14726E-05  1.87175E-05  3.75678E-01  6.67800E+02  1.00000E-05  5.47264E-04
   4.67527E+05  2.14726E-05  1.87170E-05  3.74896E-01  7.17401E+02  9.99988E-06  5.43240E-04
   5.08739E+05  2.14726E-05  1.87166E-05  3.74045E-01  7.70801E+02  9.99977E-06  5.39276E-04
   5.53584E+05  2.14726E-05  1.87162E-05  3.73115E-01  8.28298E+02  9.99967E-06  5.35379E-04
   6.02383E+05  2.14726E-05  1.87159E-05  3.72145E-01  8.90213E+02  9.99958E-06  5.31512E-04
   6.55483E+05  2.14726E-05  1.87157E-05  3.71166E-01  9.56891E+02  9.99951E-06  5.27726E-04
   7.13263E+05  2.14726E-05  1.87155E-05  3.70165E-01  1.02871E+03  9.99945E-06  5.23976E-04
   7.76137E+05  2.14726E-05  1.87153E-05  3.69113E-01  1.10606E+03  9.99940E-06  5.20288E-04
   8.44553E+05  2.14725E-05  1.87151E-05  3.67990E-01  1.18939E+03  9.99935E-06  5.16649E-04
   9.19000E+05  2.14725E-05  1.87150E-05  3.66811E-01  1.27917E+03  9.99931E-06  5.13058E-04
   1.00001E+06  2.14726E-05  1.87149E-05  3.65618E-01  1.37590E+03  9.99928E-06  5.09516E-04
