 # E-field (V/cm)  =  0.0000000E+00  0.0000000E+00  2.2500000E+05
 # M-field (gauss) =  0.0000000E+00  0.0000000E+00  1.2500000E+04
 # Electron
 # Initial position =  0.0000000E+00  0.0000000E+00  0.0000000E+00
 # Initial direction (theta,phi) =  6.0000000E+01  9.0000000E+01
 # Initial direction =  5.3027011E-17  8.6602540E-01  5.0000000E-01
 # Energy (eV) =   10000000.0000000     
 # Trajectory length (cm) =   50.0000000000000     
 # Upper limit of direction change =  2.500000000000000E-002
 # Upper limit of energy change =  2.500000000000000E-002
 # Upper limit of field change =  2.500000000000000E-002
    
    
   0.0000000E+00  0.0000000E+00  0.0000000E+00  1.0000000E+07
  -1.0072152E-03  6.9933249E-02  4.0311648E-02  9.9909299E+06
  -4.0236689E-03  1.3974802E-01  8.0448849E-02  9.9818990E+06
  -9.0416750E-03  2.0938703E-01  1.2041223E-01  9.9729072E+06
  -1.6051942E-02  2.7879340E-01  1.6020243E-01  9.9639545E+06
  -2.5043588E-02  3.4791066E-01  1.9982006E-01  9.9550405E+06
  -3.6004163E-02  4.1668285E-01  2.3926575E-01  9.9461652E+06
  -4.8919664E-02  4.8505449E-01  2.7854011E-01  9.9373285E+06
  -6.3774559E-02  5.5297070E-01  3.1764375E-01  9.9285302E+06
  -8.0551807E-02  6.2037719E-01  3.5657728E-01  9.9197701E+06
  -9.9232879E-02  6.8722029E-01  3.9534131E-01  9.9110482E+06
  -1.1979779E-01  7.5344703E-01  4.3393643E-01  9.9023643E+06
  -1.4222510E-01  8.1900517E-01  4.7236325E-01  9.8937183E+06
  -1.6649198E-01  8.8384320E-01  5.1062235E-01  9.8851100E+06
  -1.9257420E-01  9.4791043E-01  5.4871433E-01  9.8765393E+06
  -2.2044617E-01  1.0111570E+00  5.8663977E-01  9.8680061E+06
  -2.5008098E-01  1.0735338E+00  6.2439925E-01  9.8595102E+06
  -2.8145042E-01  1.1349929E+00  6.6199335E-01  9.8510515E+06
  -3.1452499E-01  1.1954870E+00  6.9942265E-01  9.8426299E+06
  -3.4927397E-01  1.2549699E+00  7.3668771E-01  9.8342453E+06
  -3.8566542E-01  1.3133964E+00  7.7378911E-01  9.8258974E+06
  -4.2366622E-01  1.3707223E+00  8.1072741E-01  9.8175863E+06
  -4.6324212E-01  1.4269044E+00  8.4750317E-01  9.8093118E+06
  -5.0435774E-01  1.4819007E+00  8.8411694E-01  9.8010737E+06
  -5.4697663E-01  1.5356702E+00  9.2056929E-01  9.7928719E+06
  -5.9106131E-01  1.5881730E+00  9.5686075E-01  9.7847063E+06
  -6.3657327E-01  1.6393707E+00  9.9299188E-01  9.7765768E+06
  -6.8347305E-01  1.6892255E+00  1.0289632E+00  9.7684833E+06
  -7.3172023E-01  1.7377013E+00  1.0647753E+00  9.7604256E+06
  -7.8127352E-01  1.7847630E+00  1.1004287E+00  9.7524035E+06
  -8.3209075E-01  1.8303769E+00  1.1359239E+00  9.7444171E+06
  -8.8412891E-01  1.8745102E+00  1.1712614E+00  9.7364662E+06
  -9.3734425E-01  1.9171319E+00  1.2064419E+00  9.7285506E+06
  -9.9169222E-01  1.9582119E+00  1.2414657E+00  9.7206702E+06
  -1.0471276E+00  1.9977216E+00  1.2763334E+00  9.7128250E+06
  -1.1036045E+00  2.0356337E+00  1.3110456E+00  9.7050147E+06
  -1.1610763E+00  2.0719222E+00  1.3456027E+00  9.6972394E+06
  -1.2194959E+00  2.1065626E+00  1.3800053E+00  9.6894988E+06
  -1.2788156E+00  2.1395315E+00  1.4142539E+00  9.6817929E+06
  -1.3389873E+00  2.1708072E+00  1.4483489E+00  9.6741215E+06
  -1.3999622E+00  2.2003691E+00  1.4822909E+00  9.6664845E+06
  -1.4616912E+00  2.2281983E+00  1.5160804E+00  9.6588819E+06
  -1.5241249E+00  2.2542770E+00  1.5497178E+00  9.6513135E+06
  -1.5872133E+00  2.2785890E+00  1.5832037E+00  9.6437792E+06
  -1.6509062E+00  2.3011194E+00  1.6165386E+00  9.6362788E+06
  -1.7151532E+00  2.3218549E+00  1.6497228E+00  9.6288124E+06
  -1.7799036E+00  2.3407834E+00  1.6827570E+00  9.6213797E+06
  -1.8451066E+00  2.3578945E+00  1.7156416E+00  9.6139806E+06
  -1.9107109E+00  2.3731788E+00  1.7483771E+00  9.6066152E+06
  -1.9766656E+00  2.3866288E+00  1.7809638E+00  9.5992831E+06
  -2.0429192E+00  2.3982382E+00  1.8134025E+00  9.5919844E+06
  -2.1094206E+00  2.4080020E+00  1.8456933E+00  9.5847190E+06
  -2.1761184E+00  2.4159168E+00  1.8778370E+00  9.5774867E+06
  -2.2429613E+00  2.4219805E+00  1.9098338E+00  9.5702874E+06
  -2.3098983E+00  2.4261926E+00  1.9416843E+00  9.5631210E+06
  -2.3768781E+00  2.4285537E+00  1.9733890E+00  9.5559875E+06
  -2.4438499E+00  2.4290661E+00  2.0049482E+00  9.5488867E+06
  -2.5107630E+00  2.4277332E+00  2.0363624E+00  9.5418184E+06
  -2.5775667E+00  2.4245600E+00  2.0676322E+00  9.5347828E+06
  -2.6442109E+00  2.4195528E+00  2.0987578E+00  9.5277795E+06
  -2.7106457E+00  2.4127191E+00  2.1297398E+00  9.5208085E+06
  -2.7768213E+00  2.4040680E+00  2.1605786E+00  9.5138698E+06
  -2.8426885E+00  2.3936097E+00  2.1912747E+00  9.5069632E+06
  -2.9081984E+00  2.3813559E+00  2.2218284E+00  9.5000886E+06
  -2.9733027E+00  2.3673195E+00  2.2522402E+00  9.4932459E+06
  -3.0379533E+00  2.3515146E+00  2.2825106E+00  9.4864351E+06
  -3.1021029E+00  2.3339567E+00  2.3126399E+00  9.4796560E+06
  -3.1657044E+00  2.3146625E+00  2.3426286E+00  9.4729086E+06
  -3.2287115E+00  2.2936499E+00  2.3724772E+00  9.4661926E+06
  -3.2910785E+00  2.2709381E+00  2.4021859E+00  9.4595082E+06
  -3.3527602E+00  2.2465475E+00  2.4317553E+00  9.4528551E+06
  -3.4137122E+00  2.2204994E+00  2.4611857E+00  9.4462332E+06
  -3.4738906E+00  2.1928166E+00  2.4904776E+00  9.4396425E+06
  -3.5332524E+00  2.1635229E+00  2.5196313E+00  9.4330830E+06
  -3.5917552E+00  2.1326431E+00  2.5486474E+00  9.4265543E+06
  -3.6493575E+00  2.1002033E+00  2.5775261E+00  9.4200566E+06
  -3.7060185E+00  2.0662304E+00  2.6062678E+00  9.4135897E+06
  -3.7616983E+00  2.0307524E+00  2.6348731E+00  9.4071536E+06
  -3.8163578E+00  1.9937986E+00  2.6633422E+00  9.4007480E+06
  -3.8699587E+00  1.9553989E+00  2.6916756E+00  9.3943730E+06
  -3.9224637E+00  1.9155843E+00  2.7198737E+00  9.3880284E+06
  -3.9738365E+00  1.8743868E+00  2.7479367E+00  9.3817142E+06
  -4.0240415E+00  1.8318393E+00  2.7758653E+00  9.3754303E+06
  -4.0730442E+00  1.7879753E+00  2.8036596E+00  9.3691766E+06
  -4.1208111E+00  1.7428296E+00  2.8313201E+00  9.3629530E+06
  -4.1673098E+00  1.6964375E+00  2.8588472E+00  9.3567594E+06
  -4.2125085E+00  1.6488352E+00  2.8862412E+00  9.3505957E+06
  -4.2563771E+00  1.6000596E+00  2.9135025E+00  9.3444619E+06
  -4.2988859E+00  1.5501484E+00  2.9406315E+00  9.3383579E+06
  -4.3400066E+00  1.4991399E+00  2.9676286E+00  9.3322836E+06
  -4.3797121E+00  1.4470733E+00  2.9944941E+00  9.3262388E+06
  -4.4179761E+00  1.3939881E+00  3.0212284E+00  9.3202236E+06
  -4.4547737E+00  1.3399247E+00  3.0478318E+00  9.3142378E+06
  -4.4900808E+00  1.2849239E+00  3.0743048E+00  9.3082814E+06
  -4.5238748E+00  1.2290272E+00  3.1006476E+00  9.3023543E+06
  -4.5561341E+00  1.1722765E+00  3.1268606E+00  9.2964564E+06
  -4.5868381E+00  1.1147142E+00  3.1529443E+00  9.2905875E+06
  -4.6159676E+00  1.0563831E+00  3.1788988E+00  9.2847478E+06
  -4.6435046E+00  9.9732660E-01  3.2047246E+00  9.2789370E+06
  -4.6694320E+00  9.3758833E-01  3.2304220E+00  9.2731550E+06
  -4.6937341E+00  8.7721230E-01  3.2559914E+00  9.2674019E+06
  -4.7163966E+00  8.1624288E-01  3.2814331E+00  9.2616776E+06
  -4.7374059E+00  7.5472470E-01  3.3067474E+00  9.2559818E+06
  -4.7567501E+00  6.9270266E-01  3.3319348E+00  9.2503147E+06
  -4.7744182E+00  6.3022188E-01  3.3569954E+00  9.2446760E+06
  -4.7904006E+00  5.6732769E-01  3.3819297E+00  9.2390658E+06
  -4.8046888E+00  5.0406555E-01  3.4067379E+00  9.2334840E+06
  -4.8172756E+00  4.4048109E-01  3.4314205E+00  9.2279304E+06
  -4.8281550E+00  3.7661998E-01  3.4559777E+00  9.2224050E+06
  -4.8373221E+00  3.1252802E-01  3.4804099E+00  9.2169078E+06
  -4.8447734E+00  2.4825098E-01  3.5047174E+00  9.2114386E+06
  -4.8505065E+00  1.8383468E-01  3.5289004E+00  9.2059974E+06
  -4.8545203E+00  1.1932487E-01  3.5529594E+00  9.2005841E+06
  -4.8568148E+00  5.4767265E-02  3.5768946E+00  9.1951987E+06
  -4.8573913E+00 -9.7925256E-03  3.6007064E+00  9.1898411E+06
  -4.8562522E+00 -7.4309017E-02  3.6243951E+00  9.1845111E+06
  -4.8534011E+00 -1.3873688E-01  3.6479609E+00  9.1792088E+06
  -4.8488429E+00 -2.0303097E-01  3.6714042E+00  9.1739341E+06
  -4.8425837E+00 -2.6714637E-01  3.6947253E+00  9.1686868E+06
  -4.8346304E+00 -3.3103839E-01  3.7179245E+00  9.1634670E+06
  -4.8249916E+00 -3.9466263E-01  3.7410021E+00  9.1582745E+06
  -4.8136766E+00 -4.5797500E-01  3.7639584E+00  9.1531094E+06
  -4.8006960E+00 -5.2093173E-01  3.7867936E+00  9.1479714E+06
  -4.7860617E+00 -5.8348942E-01  3.8095082E+00  9.1428607E+06
  -4.7697863E+00 -6.4560507E-01  3.8321024E+00  9.1377770E+06
  -4.7518840E+00 -7.0723609E-01  3.8545764E+00  9.1327203E+06
  -4.7323697E+00 -7.6834034E-01  3.8769306E+00  9.1276906E+06
  -4.7112595E+00 -8.2887615E-01  3.8991653E+00  9.1226878E+06
  -4.6885705E+00 -8.8880236E-01  3.9212808E+00  9.1177118E+06
  -4.6643211E+00 -9.4807832E-01  3.9432772E+00  9.1127626E+06
  -4.6385304E+00 -1.0066640E+00  3.9651550E+00  9.1078401E+06
  -4.6112186E+00 -1.0645197E+00  3.9869144E+00  9.1029443E+06
  -4.5824070E+00 -1.1216068E+00  4.0085556E+00  9.0980750E+06
  -4.5521178E+00 -1.1778868E+00  4.0300790E+00  9.0932322E+06
  -4.5203742E+00 -1.2333221E+00  4.0514848E+00  9.0884159E+06
  -4.4872001E+00 -1.2878758E+00  4.0727734E+00  9.0836260E+06
  -4.4526207E+00 -1.3415116E+00  4.0939449E+00  9.0788624E+06
  -4.4166619E+00 -1.3941940E+00  4.1149996E+00  9.0741251E+06
  -4.3793504E+00 -1.4458881E+00  4.1359379E+00  9.0694140E+06
  -4.3407139E+00 -1.4965599E+00  4.1567600E+00  9.0647290E+06
  -4.3007808E+00 -1.5461762E+00  4.1774661E+00  9.0600701E+06
  -4.2595804E+00 -1.5947043E+00  4.1980565E+00  9.0554373E+06
  -4.2171428E+00 -1.6421128E+00  4.2185315E+00  9.0508304E+06
  -4.1734989E+00 -1.6883708E+00  4.2388913E+00  9.0462495E+06
  -4.1286802E+00 -1.7334483E+00  4.2591362E+00  9.0416944E+06
  -4.0827190E+00 -1.7773162E+00  4.2792664E+00  9.0371651E+06
  -4.0356483E+00 -1.8199463E+00  4.2992823E+00  9.0326615E+06
  -3.9875017E+00 -1.8613113E+00  4.3191840E+00  9.0281836E+06
  -3.9383137E+00 -1.9013849E+00  4.3389718E+00  9.0237314E+06
  -3.8881191E+00 -1.9401415E+00  4.3586459E+00  9.0193047E+06
  -3.8369534E+00 -1.9775567E+00  4.3782067E+00  9.0149035E+06
  -3.7848528E+00 -2.0136070E+00  4.3976543E+00  9.0105278E+06
  -3.7318540E+00 -2.0482697E+00  4.4169889E+00  9.0061775E+06
  -3.6779939E+00 -2.0815232E+00  4.4362110E+00  9.0018525E+06
  -3.6233105E+00 -2.1133471E+00  4.4553205E+00  8.9975529E+06
  -3.5678417E+00 -2.1437216E+00  4.4743180E+00  8.9932785E+06
  -3.5116261E+00 -2.1726283E+00  4.4932034E+00  8.9890292E+06
  -3.4547027E+00 -2.2000495E+00  4.5119771E+00  8.9848051E+06
  -3.3971109E+00 -2.2259688E+00  4.5306394E+00  8.9806061E+06
  -3.3388904E+00 -2.2503706E+00  4.5491904E+00  8.9764322E+06
  -3.2800812E+00 -2.2732406E+00  4.5676304E+00  8.9722832E+06
  -3.2207237E+00 -2.2945654E+00  4.5859596E+00  8.9681591E+06
  -3.1608586E+00 -2.3143327E+00  4.6041783E+00  8.9640599E+06
  -3.1005268E+00 -2.3325311E+00  4.6222866E+00  8.9599855E+06
  -3.0397692E+00 -2.3491506E+00  4.6402848E+00  8.9559359E+06
  -2.9786274E+00 -2.3641820E+00  4.6581731E+00  8.9519111E+06
  -2.9171426E+00 -2.3776173E+00  4.6759518E+00  8.9479109E+06
  -2.8553566E+00 -2.3894495E+00  4.6936210E+00  8.9439353E+06
  -2.7933110E+00 -2.3996728E+00  4.7111810E+00  8.9399843E+06
  -2.7310476E+00 -2.4082822E+00  4.7286319E+00  8.9360578E+06
  -2.6686084E+00 -2.4152742E+00  4.7459741E+00  8.9321558E+06
  -2.6060351E+00 -2.4206460E+00  4.7632077E+00  8.9282783E+06
  -2.5433698E+00 -2.4243961E+00  4.7803329E+00  8.9244251E+06
  -2.4806542E+00 -2.4265240E+00  4.7973500E+00  8.9205962E+06
  -2.4179301E+00 -2.4270302E+00  4.8142591E+00  8.9167917E+06
  -2.3552394E+00 -2.4259163E+00  4.8310605E+00  8.9130114E+06
  -2.2926236E+00 -2.4231852E+00  4.8477544E+00  8.9092553E+06
  -2.2301242E+00 -2.4188404E+00  4.8643409E+00  8.9055233E+06
  -2.1677826E+00 -2.4128869E+00  4.8808203E+00  8.9018154E+06
  -2.1056399E+00 -2.4053305E+00  4.8971927E+00  8.8981316E+06
  -2.0437371E+00 -2.3961782E+00  4.9134584E+00  8.8944719E+06
  -1.9821148E+00 -2.3854377E+00  4.9296176E+00  8.8908360E+06
  -1.9208135E+00 -2.3731181E+00  4.9456705E+00  8.8872241E+06
  -1.8598733E+00 -2.3592294E+00  4.9616172E+00  8.8836361E+06
  -1.7993341E+00 -2.3437825E+00  4.9774580E+00  8.8800719E+06
  -1.7392353E+00 -2.3267895E+00  4.9931930E+00  8.8765316E+06
  -1.6796162E+00 -2.3082632E+00  5.0088225E+00  8.8730149E+06
  -1.6205154E+00 -2.2882177E+00  5.0243466E+00  8.8695220E+06
  -1.5619713E+00 -2.2666677E+00  5.0397655E+00  8.8660528E+06
  -1.5040219E+00 -2.2436293E+00  5.0550795E+00  8.8626071E+06
  -1.4467044E+00 -2.2191192E+00  5.0702886E+00  8.8591851E+06
  -1.3900559E+00 -2.1931551E+00  5.0853931E+00  8.8557866E+06
  -1.3341129E+00 -2.1657556E+00  5.1003931E+00  8.8524115E+06
  -1.2789113E+00 -2.1369403E+00  5.1152889E+00  8.8490600E+06
  -1.2244865E+00 -2.1067297E+00  5.1300806E+00  8.8457319E+06
  -1.1708733E+00 -2.0751449E+00  5.1447684E+00  8.8424271E+06
  -1.1181060E+00 -2.0422082E+00  5.1593525E+00  8.8391457E+06
  -1.0662181E+00 -2.0079425E+00  5.1738330E+00  8.8358876E+06
  -1.0152427E+00 -1.9723716E+00  5.1882102E+00  8.8326527E+06
  -9.6521215E-01 -1.9355202E+00  5.2024841E+00  8.8294411E+06
  -9.1615809E-01 -1.8974136E+00  5.2166550E+00  8.8262526E+06
  -8.6811154E-01 -1.8580779E+00  5.2307231E+00  8.8230873E+06
  -8.2110280E-01 -1.8175401E+00  5.2446884E+00  8.8199451E+06
  -7.7516143E-01 -1.7758279E+00  5.2585512E+00  8.8168260E+06
  -7.3031627E-01 -1.7329694E+00  5.2723117E+00  8.8137299E+06
  -6.8659541E-01 -1.6889939E+00  5.2859700E+00  8.8106568E+06
  -6.4402615E-01 -1.6439309E+00  5.2995262E+00  8.8076066E+06
  -6.0263502E-01 -1.5978109E+00  5.3129805E+00  8.8045794E+06
  -5.6244774E-01 -1.5506648E+00  5.3263332E+00  8.8015750E+06
  -5.2348923E-01 -1.5025243E+00  5.3395843E+00  8.7985935E+06
  -4.8578355E-01 -1.4534215E+00  5.3527340E+00  8.7956349E+06
  -4.4935396E-01 -1.4033891E+00  5.3657824E+00  8.7926990E+06
  -4.1422282E-01 -1.3524605E+00  5.3787298E+00  8.7897858E+06
  -3.8041165E-01 -1.3006694E+00  5.3915762E+00  8.7868953E+06
  -3.4794109E-01 -1.2480502E+00  5.4043219E+00  8.7840276E+06
  -3.1683088E-01 -1.1946377E+00  5.4169669E+00  8.7811824E+06
  -2.8709986E-01 -1.1404671E+00  5.4295115E+00  8.7783599E+06
  -2.5876597E-01 -1.0855741E+00  5.4419557E+00  8.7755600E+06
  -2.3184622E-01 -1.0299948E+00  5.4542998E+00  8.7727825E+06
  -2.0635670E-01 -9.7376556E-01  5.4665438E+00  8.7700276E+06
  -1.8231255E-01 -9.1692331E-01  5.4786879E+00  8.7672952E+06
  -1.5972798E-01 -8.5950518E-01  5.4907323E+00  8.7645852E+06
  -1.3861625E-01 -8.0154866E-01  5.5026771E+00  8.7618977E+06
  -1.1898963E-01 -7.4309148E-01  5.5145224E+00  8.7592325E+06
  -1.0085948E-01 -6.8417170E-01  5.5262684E+00  8.7565896E+06
  -8.4236141E-02 -6.2482756E-01  5.5379152E+00  8.7539691E+06
  -6.9129018E-02 -5.6509755E-01  5.5494630E+00  8.7513708E+06
  -5.5546522E-02 -5.0502034E-01  5.5609118E+00  8.7487948E+06
  -4.3496085E-02 -4.4463477E-01  5.5722619E+00  8.7462411E+06
  -3.2984160E-02 -3.8397981E-01  5.5835134E+00  8.7437095E+06
  -2.4016213E-02 -3.2309457E-01  5.5946663E+00  8.7412001E+06
  -1.6596722E-02 -2.6201823E-01  5.6057208E+00  8.7387128E+06
  -1.0729182E-02 -2.0079005E-01  5.6166771E+00  8.7362477E+06
  -6.4160963E-03 -1.3944933E-01  5.6275353E+00  8.7338046E+06
  -3.6589831E-03 -7.8035385E-02  5.6382955E+00  8.7313835E+06
  -2.4583736E-03 -1.6587528E-02  5.6489578E+00  8.7289845E+06
  -2.8138141E-03  4.4854956E-02  5.6595223E+00  8.7266075E+06
  -4.7238683E-03  1.0625284E-01  5.6699893E+00  8.7242524E+06
  -8.1861197E-03  1.6756697E-01  5.6803587E+00  8.7219193E+06
  -1.3197175E-02  2.2875831E-01  5.6906308E+00  8.7196081E+06
  -1.9752668E-02  2.8978793E-01  5.7008056E+00  8.7173187E+06
  -2.7847263E-02  3.5061707E-01  5.7108832E+00  8.7150513E+06
  -3.7474662E-02  4.1120712E-01  5.7208639E+00  8.7128056E+06
  -4.8627609E-02  4.7151970E-01  5.7307476E+00  8.7105818E+06
  -6.1297895E-02  5.3151662E-01  5.7405346E+00  8.7083797E+06
  -7.5476367E-02  5.9115997E-01  5.7502249E+00  8.7061994E+06
  -9.1152933E-02  6.5041207E-01  5.7598186E+00  8.7040408E+06
  -1.0831657E-01  7.0923555E-01  5.7693159E+00  8.7019039E+06
  -1.2695534E-01  7.6759336E-01  5.7787168E+00  8.6997887E+06
  -1.4705639E-01  8.2544877E-01  5.7880215E+00  8.6976952E+06
  -1.6860595E-01  8.8276542E-01  5.7972300E+00  8.6956232E+06
  -1.9158937E-01  9.3950732E-01  5.8063426E+00  8.6935729E+06
  -2.1599111E-01  9.9563889E-01  5.8153592E+00  8.6915442E+06
  -2.4179478E-01  1.0511250E+00  5.8242801E+00  8.6895370E+06
  -2.6898309E-01  1.1059308E+00  5.8331052E+00  8.6875513E+06
  -2.9753794E-01  1.1600222E+00  5.8418348E+00  8.6855872E+06
  -3.2744036E-01  1.2133654E+00  5.8504688E+00  8.6836445E+06
  -3.5867059E-01  1.2659270E+00  5.8590074E+00  8.6817233E+06
  -3.9120804E-01  1.3176744E+00  5.8674508E+00  8.6798236E+06
  -4.2503131E-01  1.3685753E+00  5.8757989E+00  8.6779453E+06
  -4.6011826E-01  1.4185982E+00  5.8840519E+00  8.6760883E+06
  -4.9644594E-01  1.4677119E+00  5.8922099E+00  8.6742528E+06
  -5.3399067E-01  1.5158861E+00  5.9002730E+00  8.6724386E+06
  -5.7272805E-01  1.5630908E+00  5.9082413E+00  8.6706457E+06
  -6.1263291E-01  1.6092969E+00  5.9161148E+00  8.6688742E+06
  -6.5367943E-01  1.6544758E+00  5.9238937E+00  8.6671239E+06
  -6.9584106E-01  1.6985996E+00  5.9315781E+00  8.6653949E+06
  -7.3909062E-01  1.7416411E+00  5.9391680E+00  8.6636872E+06
  -7.8340024E-01  1.7835739E+00  5.9466635E+00  8.6620007E+06
  -8.2874144E-01  1.8243721E+00  5.9540647E+00  8.6603354E+06
  -8.7508512E-01  1.8640108E+00  5.9613717E+00  8.6586914E+06
  -9.2240157E-01  1.9024655E+00  5.9685846E+00  8.6570685E+06
  -9.7066052E-01  1.9397127E+00  5.9757035E+00  8.6554667E+06
  -1.0198311E+00  1.9757297E+00  5.9827284E+00  8.6538861E+06
  -1.0698820E+00  2.0104944E+00  5.9896594E+00  8.6523266E+06
  -1.1207813E+00  2.0439858E+00  5.9964966E+00  8.6507883E+06
  -1.1724965E+00  2.0761832E+00  6.0032402E+00  8.6492710E+06
  -1.2249948E+00  2.1070673E+00  6.0098900E+00  8.6477747E+06
  -1.2782429E+00  2.1366193E+00  6.0164464E+00  8.6462996E+06
  -1.3322070E+00  2.1648213E+00  6.0229092E+00  8.6448454E+06
  -1.3868528E+00  2.1916562E+00  6.0292786E+00  8.6434123E+06
  -1.4421459E+00  2.2171078E+00  6.0355547E+00  8.6420002E+06
  -1.4980512E+00  2.2411610E+00  6.0417375E+00  8.6406091E+06
  -1.5545334E+00  2.2638011E+00  6.0478271E+00  8.6392389E+06
  -1.6115569E+00  2.2850147E+00  6.0538236E+00  8.6378897E+06
  -1.6690857E+00  2.3047892E+00  6.0597270E+00  8.6365614E+06
  -1.7270836E+00  2.3231128E+00  6.0655374E+00  8.6352541E+06
  -1.7855141E+00  2.3399746E+00  6.0712550E+00  8.6339676E+06
  -1.8443403E+00  2.3553647E+00  6.0768796E+00  8.6327021E+06
  -1.9035255E+00  2.3692741E+00  6.0824115E+00  8.6314574E+06
  -1.9630323E+00  2.3816948E+00  6.0878506E+00  8.6302336E+06
  -2.0228235E+00  2.3926195E+00  6.0931970E+00  8.6290307E+06
  -2.0828615E+00  2.4020420E+00  6.0984509E+00  8.6278486E+06
  -2.1431088E+00  2.4099571E+00  6.1036122E+00  8.6266873E+06
  -2.2035276E+00  2.4163603E+00  6.1086810E+00  8.6255468E+06
  -2.2640801E+00  2.4212483E+00  6.1136574E+00  8.6244271E+06
  -2.3247285E+00  2.4246185E+00  6.1185414E+00  8.6233282E+06
  -2.3854348E+00  2.4264694E+00  6.1233331E+00  8.6222501E+06
  -2.4461612E+00  2.4268005E+00  6.1280325E+00  8.6211927E+06
  -2.5068698E+00  2.4256119E+00  6.1326397E+00  8.6201561E+06
  -2.5675226E+00  2.4229050E+00  6.1371548E+00  8.6191402E+06
  -2.6280819E+00  2.4186820E+00  6.1415777E+00  8.6181450E+06
  -2.6885099E+00  2.4129460E+00  6.1459086E+00  8.6171706E+06
  -2.7487690E+00  2.4057012E+00  6.1501475E+00  8.6162168E+06
  -2.8088218E+00  2.3969524E+00  6.1542944E+00  8.6152838E+06
  -2.8686307E+00  2.3867056E+00  6.1583494E+00  8.6143714E+06
  -2.9281587E+00  2.3749676E+00  6.1623126E+00  8.6134797E+06
  -2.9873687E+00  2.3617463E+00  6.1661839E+00  8.6126086E+06
  -3.0462239E+00  2.3470502E+00  6.1699635E+00  8.6117582E+06
  -3.1046879E+00  2.3308889E+00  6.1736513E+00  8.6109285E+06
  -3.1627242E+00  2.3132730E+00  6.1772475E+00  8.6101193E+06
  -3.2202970E+00  2.2942137E+00  6.1807520E+00  8.6093308E+06
  -3.2773704E+00  2.2737234E+00  6.1841648E+00  8.6085629E+06
  -3.3339091E+00  2.2518150E+00  6.1874862E+00  8.6078156E+06
  -3.3898781E+00  2.2285027E+00  6.1907159E+00  8.6070889E+06
  -3.4452426E+00  2.2038012E+00  6.1938542E+00  8.6063828E+06
  -3.4999684E+00  2.1777263E+00  6.1969011E+00  8.6056973E+06
  -3.5540216E+00  2.1502945E+00  6.1998565E+00  8.6050323E+06
  -3.6073686E+00  2.1215231E+00  6.2027205E+00  8.6043879E+06
  -3.6599766E+00  2.0914303E+00  6.2054932E+00  8.6037640E+06
  -3.7118130E+00  2.0600351E+00  6.2081745E+00  8.6031607E+06
  -3.7628456E+00  2.0273573E+00  6.2107645E+00  8.6025780E+06
  -3.8130430E+00  1.9934175E+00  6.2132633E+00  8.6020158E+06
  -3.8623740E+00  1.9582369E+00  6.2156709E+00  8.6014741E+06
  -3.9108083E+00  1.9218377E+00  6.2179872E+00  8.6009529E+06
  -3.9583158E+00  1.8842427E+00  6.2202123E+00  8.6004522E+06
  -4.0048672E+00  1.8454754E+00  6.2223463E+00  8.5999721E+06
  -4.0504338E+00  1.8055602E+00  6.2243892E+00  8.5995124E+06
  -4.0949874E+00  1.7645219E+00  6.2263409E+00  8.5990733E+06
  -4.1385004E+00  1.7223862E+00  6.2282016E+00  8.5986546E+06
  -4.1809461E+00  1.6791796E+00  6.2299712E+00  8.5982565E+06
  -4.2222981E+00  1.6349288E+00  6.2316497E+00  8.5978788E+06
  -4.2625311E+00  1.5896616E+00  6.2332373E+00  8.5975216E+06
  -4.3016200E+00  1.5434061E+00  6.2347338E+00  8.5971849E+06
  -4.3395408E+00  1.4961913E+00  6.2361393E+00  8.5968687E+06
  -4.3762701E+00  1.4480464E+00  6.2374539E+00  8.5965729E+06
  -4.4117852E+00  1.3990015E+00  6.2386775E+00  8.5962976E+06
  -4.4460641E+00  1.3490872E+00  6.2398101E+00  8.5960427E+06
  -4.4790857E+00  1.2983344E+00  6.2408518E+00  8.5958083E+06
  -4.5108297E+00  1.2467747E+00  6.2418026E+00  8.5955944E+06
  -4.5412763E+00  1.1944402E+00  6.2426625E+00  8.5954009E+06
  -4.5704069E+00  1.1413634E+00  6.2434315E+00  8.5952279E+06
  -4.5982033E+00  1.0875773E+00  6.2441096E+00  8.5950753E+06
  -4.6246485E+00  1.0331154E+00  6.2446969E+00  8.5949432E+06
  -4.6497260E+00  9.7801132E-01  6.2451932E+00  8.5948315E+06
  -4.6734204E+00  9.2229943E-01  6.2455987E+00  8.5947403E+06
  -4.6957170E+00  8.6601427E-01  6.2459133E+00  8.5946695E+06
  -4.7166021E+00  8.0919079E-01  6.2461371E+00  8.5946192E+06
  -4.7360626E+00  7.5186426E-01  6.2462700E+00  8.5945893E+06
  -4.7540866E+00  6.9407024E-01  6.2463120E+00  8.5945798E+06
  -4.7706628E+00  6.3584460E-01  6.2462632E+00  8.5945908E+06
  -4.7857810E+00  5.7722348E-01  6.2461236E+00  8.5946222E+06
  -4.7994318E+00  5.1824323E-01  6.2458930E+00  8.5946741E+06
  -4.8116066E+00  4.5894045E-01  6.2455717E+00  8.5947464E+06
  -4.8222980E+00  3.9935193E-01  6.2451594E+00  8.5948391E+06
  -4.8314992E+00  3.3951463E-01  6.2446563E+00  8.5949523E+06
  -4.8392045E+00  2.7946569E-01  6.2440624E+00  8.5950860E+06
  -4.8454090E+00  2.1924235E-01  6.2433775E+00  8.5952401E+06
  -4.8501088E+00  1.5888197E-01  6.2426018E+00  8.5954146E+06
  -4.8533009E+00  9.8422021E-02  6.2417352E+00  8.5956096E+06
  -4.8549833E+00  3.7900003E-02  6.2407777E+00  8.5958250E+06
  -4.8551548E+00 -2.2646518E-02  6.2397293E+00  8.5960609E+06
  -4.8538151E+00 -8.3179966E-02  6.2385899E+00  8.5963173E+06
  -4.8509650E+00 -1.4366276E-01  6.2373596E+00  8.5965941E+06
  -4.8466061E+00 -2.0405736E-01  6.2360384E+00  8.5968914E+06
  -4.8407410E+00 -2.6432625E-01  6.2346262E+00  8.5972091E+06
  -4.8333732E+00 -3.2443201E-01  6.2331230E+00  8.5975473E+06
  -4.8245071E+00 -3.8433730E-01  6.2315289E+00  8.5979060E+06
  -4.8141479E+00 -4.4400490E-01  6.2298437E+00  8.5982852E+06
  -4.8023020E+00 -5.0339772E-01  6.2280675E+00  8.5986848E+06
  -4.7889766E+00 -5.6247884E-01  6.2262002E+00  8.5991050E+06
  -4.7741797E+00 -6.2121153E-01  6.2242419E+00  8.5995456E+06
  -4.7579202E+00 -6.7955924E-01  6.2221925E+00  8.6000067E+06
  -4.7402081E+00 -7.3748568E-01  6.2200519E+00  8.6004883E+06
  -4.7210542E+00 -7.9495478E-01  6.2178202E+00  8.6009904E+06
  -4.7004701E+00 -8.5193076E-01  6.2154974E+00  8.6015131E+06
  -4.6784684E+00 -9.0837813E-01  6.2130834E+00  8.6020562E+06
  -4.6550624E+00 -9.6426171E-01  6.2105781E+00  8.6026199E+06
  -4.6302666E+00 -1.0195467E+00  6.2079816E+00  8.6032041E+06
  -4.6040959E+00 -1.0741985E+00  6.2052938E+00  8.6038089E+06
  -4.5765666E+00 -1.1281831E+00  6.2025148E+00  8.6044342E+06
  -4.5476953E+00 -1.1814668E+00  6.1996444E+00  8.6050800E+06
  -4.5174997E+00 -1.2340162E+00  6.1966826E+00  8.6057464E+06
  -4.4859985E+00 -1.2857986E+00  6.1936294E+00  8.6064334E+06
  -4.4532108E+00 -1.3367816E+00  6.1904848E+00  8.6071409E+06
  -4.4191568E+00 -1.3869331E+00  6.1872487E+00  8.6078690E+06
  -4.3838573E+00 -1.4362219E+00  6.1839212E+00  8.6086177E+06
  -4.3473341E+00 -1.4846171E+00  6.1805020E+00  8.6093870E+06
  -4.3096095E+00 -1.5320882E+00  6.1769913E+00  8.6101769E+06
  -4.2707068E+00 -1.5786055E+00  6.1733890E+00  8.6109875E+06
  -4.2306499E+00 -1.6241397E+00  6.1696951E+00  8.6118186E+06
  -4.1894634E+00 -1.6686623E+00  6.1659094E+00  8.6126704E+06
  -4.1471726E+00 -1.7121452E+00  6.1620320E+00  8.6135428E+06
  -4.1038036E+00 -1.7545610E+00  6.1580628E+00  8.6144359E+06
  -4.0593832E+00 -1.7958830E+00  6.1540017E+00  8.6153496E+06
  -4.0139386E+00 -1.8360851E+00  6.1498488E+00  8.6162840E+06
  -3.9674979E+00 -1.8751418E+00  6.1456040E+00  8.6172391E+06
  -3.9200899E+00 -1.9130285E+00  6.1412672E+00  8.6182149E+06
  -3.8717436E+00 -1.9497211E+00  6.1368383E+00  8.6192114E+06
  -3.8224891E+00 -1.9851964E+00  6.1323174E+00  8.6202286E+06
  -3.7723567E+00 -2.0194318E+00  6.1277044E+00  8.6212665E+06
  -3.7213774E+00 -2.0524056E+00  6.1229992E+00  8.6223252E+06
  -3.6695828E+00 -2.0840966E+00  6.1182018E+00  8.6234046E+06
  -3.6170050E+00 -2.1144848E+00  6.1133121E+00  8.6245048E+06
  -3.5636764E+00 -2.1435505E+00  6.1083301E+00  8.6256257E+06
  -3.5096302E+00 -2.1712752E+00  6.1032557E+00  8.6267675E+06
  -3.4548999E+00 -2.1976410E+00  6.0980888E+00  8.6279300E+06
  -3.3995193E+00 -2.2226310E+00  6.0928295E+00  8.6291134E+06
  -3.3435230E+00 -2.2462289E+00  6.0874775E+00  8.6303176E+06
  -3.2869456E+00 -2.2684195E+00  6.0820330E+00  8.6315426E+06
  -3.2298224E+00 -2.2891884E+00  6.0764958E+00  8.6327885E+06
  -3.1721889E+00 -2.3085219E+00  6.0708658E+00  8.6340552E+06
  -3.1140809E+00 -2.3264073E+00  6.0651430E+00  8.6353428E+06
  -3.0555347E+00 -2.3428329E+00  6.0593273E+00  8.6366514E+06
  -2.9965867E+00 -2.3577876E+00  6.0534187E+00  8.6379808E+06
  -2.9372736E+00 -2.3712617E+00  6.0474170E+00  8.6393312E+06
  -2.8776326E+00 -2.3832458E+00  6.0413223E+00  8.6407025E+06
  -2.8177008E+00 -2.3937319E+00  6.0351345E+00  8.6420947E+06
  -2.7575158E+00 -2.4027126E+00  6.0288534E+00  8.6435080E+06
  -2.6971150E+00 -2.4101817E+00  6.0224791E+00  8.6449422E+06
  -2.6365364E+00 -2.4161338E+00  6.0160114E+00  8.6463974E+06
  -2.5758180E+00 -2.4205644E+00  6.0094502E+00  8.6478737E+06
  -2.5149976E+00 -2.4234699E+00  6.0027956E+00  8.6493710E+06
  -2.4541136E+00 -2.4248479E+00  5.9960473E+00  8.6508894E+06
  -2.3932041E+00 -2.4246966E+00  5.9892054E+00  8.6524288E+06
  -2.3323074E+00 -2.4230155E+00  5.9822698E+00  8.6539893E+06
  -2.2714619E+00 -2.4198048E+00  5.9752403E+00  8.6555709E+06
  -2.2107058E+00 -2.4150657E+00  5.9681170E+00  8.6571737E+06
  -2.1500773E+00 -2.4088004E+00  5.9608997E+00  8.6587976E+06
  -2.0896148E+00 -2.4010121E+00  5.9535883E+00  8.6604426E+06
  -2.0293564E+00 -2.3917048E+00  5.9461828E+00  8.6621089E+06
  -1.9693402E+00 -2.3808835E+00  5.9386830E+00  8.6637963E+06
  -1.9096041E+00 -2.3685544E+00  5.9310890E+00  8.6655050E+06
  -1.8501859E+00 -2.3547242E+00  5.9234005E+00  8.6672349E+06
  -1.7911233E+00 -2.3394009E+00  5.9156176E+00  8.6689860E+06
  -1.7324537E+00 -2.3225933E+00  5.9077401E+00  8.6707585E+06
  -1.6742145E+00 -2.3043111E+00  5.8997679E+00  8.6725522E+06
  -1.6164427E+00 -2.2845650E+00  5.8917009E+00  8.6743673E+06
  -1.5591749E+00 -2.2633667E+00  5.8835391E+00  8.6762037E+06
  -1.5024478E+00 -2.2407286E+00  5.8752824E+00  8.6780615E+06
  -1.4462974E+00 -2.2166641E+00  5.8669306E+00  8.6799406E+06
  -1.3907597E+00 -2.1911878E+00  5.8584837E+00  8.6818412E+06
  -1.3358702E+00 -2.1643147E+00  5.8499416E+00  8.6837631E+06
  -1.2816640E+00 -2.1360610E+00  5.8413042E+00  8.6857066E+06
  -1.2281759E+00 -2.1064438E+00  5.8325713E+00  8.6876715E+06
  -1.1754403E+00 -2.0754809E+00  5.8237429E+00  8.6896579E+06
  -1.1234910E+00 -2.0431911E+00  5.8148188E+00  8.6916658E+06
  -1.0723615E+00 -2.0095940E+00  5.8057991E+00  8.6936952E+06
  -1.0220848E+00 -1.9747100E+00  5.7966835E+00  8.6957462E+06
  -9.7269334E-01 -1.9385605E+00  5.7874720E+00  8.6978188E+06
  -9.2421912E-01 -1.9011675E+00  5.7781644E+00  8.6999130E+06
  -8.7669354E-01 -1.8625539E+00  5.7687607E+00  8.7020289E+06
  -8.3014746E-01 -1.8227435E+00  5.7592607E+00  8.7041663E+06
  -7.8461115E-01 -1.7817607E+00  5.7496643E+00  8.7063255E+06
  -7.4011431E-01 -1.7396308E+00  5.7399715E+00  8.7085064E+06
  -6.9668597E-01 -1.6963797E+00  5.7301821E+00  8.7107090E+06
  -6.5435457E-01 -1.6520343E+00  5.7202959E+00  8.7129334E+06
  -6.1314786E-01 -1.6066219E+00  5.7103130E+00  8.7151796E+06
  -5.7309293E-01 -1.5601707E+00  5.7002331E+00  8.7174476E+06
  -5.3421617E-01 -1.5127097E+00  5.6900562E+00  8.7197374E+06
  -4.9654327E-01 -1.4642683E+00  5.6797820E+00  8.7220490E+06
  -4.6009917E-01 -1.4148767E+00  5.6694107E+00  8.7243826E+06
  -4.2490809E-01 -1.3645658E+00  5.6589419E+00  8.7267381E+06
  -3.9099347E-01 -1.3133669E+00  5.6483755E+00  8.7291155E+06
  -3.5837798E-01 -1.2613122E+00  5.6377116E+00  8.7315149E+06
  -3.2708349E-01 -1.2084343E+00  5.6269498E+00  8.7339363E+06
  -2.9713108E-01 -1.1547664E+00  5.6160901E+00  8.7363797E+06
  -2.6854098E-01 -1.1003422E+00  5.6051325E+00  8.7388452E+06
  -2.4133261E-01 -1.0451959E+00  5.5940766E+00  8.7413328E+06
  -2.1552452E-01 -9.8936248E-01  5.5829225E+00  8.7438424E+06
  -1.9113440E-01 -9.3287704E-01  5.5716700E+00  8.7463743E+06
  -1.6817907E-01 -8.7577533E-01  5.5603189E+00  8.7489282E+06
  -1.4667446E-01 -8.1809352E-01  5.5488691E+00  8.7515044E+06
  -1.2663559E-01 -7.5986818E-01  5.5373206E+00  8.7541029E+06
  -1.0807659E-01 -7.0113629E-01  5.5256731E+00  8.7567236E+06
  -9.1010633E-02 -6.4193520E-01  5.5139265E+00  8.7593665E+06
  -7.5449995E-02 -5.8230261E-01  5.5020807E+00  8.7620318E+06
  -6.1405991E-02 -5.2227656E-01  5.4901355E+00  8.7647195E+06
  -4.8888987E-02 -4.6189538E-01  5.4780908E+00  8.7674296E+06
  -3.7908392E-02 -4.0119770E-01  5.4659465E+00  8.7701620E+06
  -2.8472646E-02 -3.4022239E-01  5.4537024E+00  8.7729169E+06
  -2.0589217E-02 -2.7900858E-01  5.4413584E+00  8.7756944E+06
  -1.4264588E-02 -2.1759558E-01  5.4289144E+00  8.7784943E+06
  -9.5042564E-03 -1.5602292E-01  5.4163701E+00  8.7813167E+06
  -6.3127264E-03 -9.4330265E-02  5.4037254E+00  8.7841618E+06
  -4.6935035E-03 -3.2557432E-02  5.3909802E+00  8.7870294E+06
  -4.6490907E-03  2.9255652E-02  5.3781344E+00  8.7899198E+06
  -6.1809848E-03  9.1068973E-02  5.3651878E+00  8.7928328E+06
  -9.2896730E-03  1.5284245E-01  5.3521401E+00  8.7957685E+06
  -1.3974630E-02  2.1453597E-01  5.3389914E+00  8.7987269E+06
  -2.0234318E-02  2.7610941E-01  5.3257414E+00  8.8017082E+06
  -2.8066183E-02  3.3752265E-01  5.3123899E+00  8.8047123E+06
  -3.7466653E-02  3.9873561E-01  5.2989369E+00  8.8077392E+06
  -4.8431144E-02  4.5970828E-01  5.2853821E+00  8.8107890E+06
  -6.0954053E-02  5.2040074E-01  5.2717254E+00  8.8138618E+06
  -7.5028764E-02  5.8077318E-01  5.2579667E+00  8.8169575E+06
  -9.0647649E-02  6.4078592E-01  5.2441056E+00  8.8200762E+06
  -1.0780207E-01  7.0039947E-01  5.2301422E+00  8.8232180E+06
  -1.2648238E-01  7.5957451E-01  5.2160763E+00  8.8263828E+06
  -1.4667793E-01  8.1827195E-01  5.2019075E+00  8.8295708E+06
  -1.6837707E-01  8.7645294E-01  5.1876359E+00  8.8327819E+06
  -1.9156717E-01  9.3407889E-01  5.1732612E+00  8.8360162E+06
  -2.1623459E-01  9.9111151E-01  5.1587833E+00  8.8392738E+06
  -2.4236472E-01  1.0475128E+00  5.1442019E+00  8.8425546E+06
  -2.6994197E-01  1.1032452E+00  5.1295170E+00  8.8458587E+06
  -2.9894979E-01  1.1582714E+00  5.1147283E+00  8.8491861E+06
  -3.2937067E-01  1.2125545E+00  5.0998356E+00  8.8525370E+06
  -3.6118614E-01  1.2660580E+00  5.0848388E+00  8.8559113E+06
  -3.9437679E-01  1.3187461E+00  5.0697377E+00  8.8593090E+06
  -4.2892230E-01  1.3705830E+00  5.0545321E+00  8.8627303E+06
  -4.6480139E-01  1.4215339E+00  5.0392219E+00  8.8661751E+06
  -5.0199192E-01  1.4715640E+00  5.0238068E+00  8.8696435E+06
  -5.4047080E-01  1.5206394E+00  5.0082867E+00  8.8731355E+06
  -5.8021410E-01  1.5687267E+00  4.9926613E+00  8.8766512E+06
  -6.2119699E-01  1.6157930E+00  4.9769305E+00  8.8801906E+06
  -6.6339380E-01  1.6618061E+00  4.9610942E+00  8.8837538E+06
  -7.0677799E-01  1.7067342E+00  4.9451520E+00  8.8873408E+06
  -7.5132223E-01  1.7505466E+00  4.9291038E+00  8.8909516E+06
  -7.9699834E-01  1.7932127E+00  4.9129495E+00  8.8945864E+06
  -8.4377736E-01  1.8347031E+00  4.8966888E+00  8.8982450E+06
  -8.9162954E-01  1.8749888E+00  4.8803215E+00  8.9019277E+06
  -9.4052438E-01  1.9140416E+00  4.8638474E+00  8.9056343E+06
  -9.9043063E-01  1.9518343E+00  4.8472664E+00  8.9093651E+06
  -1.0413163E+00  1.9883401E+00  4.8305782E+00  8.9131199E+06
  -1.0931487E+00  2.0235331E+00  4.8137826E+00  8.9168989E+06
  -1.1458944E+00  2.0573885E+00  4.7968794E+00  8.9207021E+06
  -1.1995194E+00  2.0898819E+00  4.7798685E+00  8.9245296E+06
  -1.2539890E+00  2.1209901E+00  4.7627495E+00  8.9283814E+06
  -1.3092679E+00  2.1506906E+00  4.7455223E+00  8.9322575E+06
  -1.3653200E+00  2.1789618E+00  4.7281868E+00  8.9361580E+06
  -1.4221090E+00  2.2057831E+00  4.7107426E+00  8.9400829E+06
  -1.4795976E+00  2.2311345E+00  4.6931895E+00  8.9440324E+06
  -1.5377483E+00  2.2549975E+00  4.6755274E+00  8.9480063E+06
  -1.5965228E+00  2.2773540E+00  4.6577560E+00  8.9520049E+06
  -1.6558826E+00  2.2981871E+00  4.6398752E+00  8.9560281E+06
  -1.7157885E+00  2.3174810E+00  4.6218846E+00  8.9600760E+06
  -1.7762010E+00  2.3352206E+00  4.6037841E+00  8.9641486E+06
  -1.8370800E+00  2.3513920E+00  4.5855734E+00  8.9682460E+06
  -1.8983852E+00  2.3659823E+00  4.5672523E+00  8.9723682E+06
  -1.9600758E+00  2.3789797E+00  4.5488207E+00  8.9765154E+06
  -2.0221106E+00  2.3903731E+00  4.5302782E+00  8.9806874E+06
  -2.0844483E+00  2.4001529E+00  4.5116246E+00  8.9848845E+06
  -2.1470472E+00  2.4083103E+00  4.4928597E+00  8.9891066E+06
  -2.2098651E+00  2.4148376E+00  4.4739833E+00  8.9933537E+06
  -2.2728600E+00  2.4197281E+00  4.4549952E+00  8.9976261E+06
  -2.3359893E+00  2.4229764E+00  4.4358950E+00  9.0019236E+06
  -2.3992104E+00  2.4245781E+00  4.4166826E+00  9.0062464E+06
  -2.4624805E+00  2.4245297E+00  4.3973577E+00  9.0105945E+06
  -2.5257567E+00  2.4228291E+00  4.3779202E+00  9.0149680E+06
  -2.5889959E+00  2.4194752E+00  4.3583696E+00  9.0193668E+06
  -2.6521551E+00  2.4144679E+00  4.3387058E+00  9.0237912E+06
  -2.7151911E+00  2.4078083E+00  4.3189286E+00  9.0282411E+06
  -2.7780607E+00  2.3994987E+00  4.2990377E+00  9.0327165E+06
  -2.8407208E+00  2.3895424E+00  4.2790329E+00  9.0372176E+06
  -2.9031282E+00  2.3779440E+00  4.2589138E+00  9.0417444E+06
  -2.9652399E+00  2.3647089E+00  4.2386803E+00  9.0462969E+06
  -3.0270130E+00  2.3498439E+00  4.2183321E+00  9.0508753E+06
  -3.0884045E+00  2.3333569E+00  4.1978689E+00  9.0554795E+06
  -3.1493720E+00  2.3152568E+00  4.1772905E+00  9.0601096E+06
  -3.2098728E+00  2.2955537E+00  4.1565966E+00  9.0647658E+06
  -3.2698647E+00  2.2742588E+00  4.1357870E+00  9.0694479E+06
  -3.3293056E+00  2.2513845E+00  4.1148613E+00  9.0741562E+06
  -3.3881539E+00  2.2269441E+00  4.0938194E+00  9.0788906E+06
  -3.4463680E+00  2.2009522E+00  4.0726610E+00  9.0836513E+06
  -3.5039069E+00  2.1734243E+00  4.0513857E+00  9.0884382E+06
  -3.5607298E+00  2.1443773E+00  4.0299934E+00  9.0932515E+06
  -3.6167963E+00  2.1138290E+00  4.0084837E+00  9.0980912E+06
  -3.6720664E+00  2.0817981E+00  3.9868564E+00  9.1029573E+06
  -3.7265006E+00  2.0483046E+00  3.9651112E+00  9.1078500E+06
  -3.7800600E+00  2.0133696E+00  3.9432478E+00  9.1127692E+06
  -3.8327059E+00  1.9770151E+00  3.9212660E+00  9.1177152E+06
  -3.8844004E+00  1.9392641E+00  3.8991654E+00  9.1226878E+06
  -3.9351059E+00  1.9001409E+00  3.8769458E+00  9.1276872E+06
  -3.9847858E+00  1.8596703E+00  3.8546069E+00  9.1327134E+06
  -4.0334036E+00  1.8178787E+00  3.8321484E+00  9.1377666E+06
  -4.0809238E+00  1.7747931E+00  3.8095700E+00  9.1428467E+06
  -4.1273115E+00  1.7304415E+00  3.7868714E+00  9.1479539E+06
  -4.1725323E+00  1.6848530E+00  3.7640524E+00  9.1530882E+06
  -4.2165529E+00  1.6380575E+00  3.7411126E+00  9.1582497E+06
  -4.2593403E+00  1.5900859E+00  3.7180518E+00  9.1634384E+06
  -4.3008625E+00  1.5409699E+00  3.6948695E+00  9.1686544E+06
  -4.3410884E+00  1.4907423E+00  3.6715657E+00  9.1738977E+06
  -4.3799876E+00  1.4394365E+00  3.6481398E+00  9.1791685E+06
  -4.4175304E+00  1.3870869E+00  3.6245918E+00  9.1844669E+06
  -4.4536882E+00  1.3337287E+00  3.6009211E+00  9.1897928E+06
  -4.4884332E+00  1.2793979E+00  3.5771275E+00  9.1951463E+06
  -4.5217384E+00  1.2241312E+00  3.5532108E+00  9.2005276E+06
  -4.5535780E+00  1.1679663E+00  3.5291706E+00  9.2059366E+06
  -4.5839270E+00  1.1109412E+00  3.5050065E+00  9.2113735E+06
  -4.6127613E+00  1.0530952E+00  3.4807183E+00  9.2168384E+06
  -4.6400578E+00  9.9446769E-01  3.4563057E+00  9.2223312E+06
  -4.6657947E+00  9.3509915E-01  3.4317682E+00  9.2278521E+06
  -4.6899509E+00  8.7503050E-01  3.4071057E+00  9.2334012E+06
  -4.7125066E+00  8.1430335E-01  3.3823178E+00  9.2389785E+06
  -4.7334428E+00  7.5295984E-01  3.3574041E+00  9.2445841E+06
  -4.7527419E+00  6.9104270E-01  3.3323643E+00  9.2502180E+06
  -4.7703872E+00  6.2859519E-01  3.3071982E+00  9.2558804E+06
  -4.7863632E+00  5.6566106E-01  3.2819053E+00  9.2615713E+06
  -4.8006555E+00  5.0228455E-01  3.2564853E+00  9.2672908E+06
  -4.8132510E+00  4.3851032E-01  3.2309379E+00  9.2730390E+06
  -4.8241376E+00  3.7438347E-01  3.2052627E+00  9.2788159E+06
  -4.8333045E+00  3.0994947E-01  3.1794595E+00  9.2846216E+06
  -4.8407419E+00  2.4525416E-01  3.1535278E+00  9.2904563E+06
  -4.8464414E+00  1.8034369E-01  3.1274673E+00  9.2963199E+06
  -4.8503959E+00  1.1526449E-01  3.1012777E+00  9.3022125E+06
  -4.8525992E+00  5.0063295E-02  3.0749586E+00  9.3081343E+06
  -4.8530466E+00 -1.5212977E-02  3.0485096E+00  9.3140853E+06
  -4.8517347E+00 -8.0517187E-02  3.0219305E+00  9.3200656E+06
  -4.8486610E+00 -1.4580204E-01  2.9952208E+00  9.3260753E+06
  -4.8438247E+00 -2.1102010E-01  2.9683802E+00  9.3321144E+06
  -4.8372260E+00 -2.7612385E-01  2.9414084E+00  9.3381831E+06
  -4.8288665E+00 -3.4106570E-01  2.9143049E+00  9.3442814E+06
  -4.8187488E+00 -4.0579801E-01  2.8870694E+00  9.3504094E+06
  -4.8068772E+00 -4.7027318E-01  2.8597015E+00  9.3565672E+06
  -4.7932571E+00 -5.3444362E-01  2.8322009E+00  9.3627548E+06
  -4.7778950E+00 -5.9826182E-01  2.8045672E+00  9.3689724E+06
  -4.7607990E+00 -6.6168037E-01  2.7767999E+00  9.3752200E+06
  -4.7419783E+00 -7.2465202E-01  2.7488988E+00  9.3814978E+06
  -4.7214434E+00 -7.8712967E-01  2.7208635E+00  9.3878057E+06
  -4.6992062E+00 -8.4906644E-01  2.6926935E+00  9.3941440E+06
  -4.6752796E+00 -9.1041569E-01  2.6643885E+00  9.4005126E+06
  -4.6496782E+00 -9.7113108E-01  2.6359481E+00  9.4069117E+06
  -4.6224176E+00 -1.0311666E+00  2.6073719E+00  9.4133413E+06
  -4.5935146E+00 -1.0904764E+00  2.5786595E+00  9.4198016E+06
  -4.5629875E+00 -1.1490154E+00  2.5498105E+00  9.4262926E+06
  -4.5308556E+00 -1.2067385E+00  2.5208246E+00  9.4328145E+06
  -4.4971397E+00 -1.2636014E+00  2.4917012E+00  9.4393672E+06
  -4.4618617E+00 -1.3195602E+00  2.4624401E+00  9.4459510E+06
  -4.4250447E+00 -1.3745712E+00  2.4330408E+00  9.4525658E+06
  -4.3867130E+00 -1.4285918E+00  2.4035029E+00  9.4592119E+06
  -4.3468923E+00 -1.4815797E+00  2.3738259E+00  9.4658892E+06
  -4.3056093E+00 -1.5334930E+00  2.3440096E+00  9.4725978E+06
  -4.2628918E+00 -1.5842910E+00  2.3140534E+00  9.4793380E+06
  -4.2187691E+00 -1.6339332E+00  2.2839569E+00  9.4861097E+06
  -4.1732713E+00 -1.6823800E+00  2.2537198E+00  9.4929130E+06
  -4.1264297E+00 -1.7295927E+00  2.2233416E+00  9.4997481E+06
  -4.0782769E+00 -1.7755332E+00  2.1928218E+00  9.5066151E+06
  -4.0288465E+00 -1.8201642E+00  2.1621601E+00  9.5135140E+06
  -3.9781730E+00 -1.8634494E+00  2.1313560E+00  9.5204449E+06
  -3.9262922E+00 -1.9053533E+00  2.1004091E+00  9.5274079E+06
  -3.8732407E+00 -1.9458414E+00  2.0693190E+00  9.5344032E+06
  -3.8190563E+00 -1.9848799E+00  2.0380851E+00  9.5414309E+06
  -3.7637778E+00 -2.0224363E+00  2.0067071E+00  9.5484909E+06
  -3.7074448E+00 -2.0584789E+00  1.9751845E+00  9.5555835E+06
  -3.6500978E+00 -2.0929771E+00  1.9435169E+00  9.5627087E+06
  -3.5917786E+00 -2.1259012E+00  1.9117038E+00  9.5698666E+06
  -3.5325294E+00 -2.1572229E+00  1.8797448E+00  9.5770574E+06
  -3.4723935E+00 -2.1869148E+00  1.8476393E+00  9.5842812E+06
  -3.4114150E+00 -2.2149505E+00  1.8153871E+00  9.5915379E+06
  -3.3496389E+00 -2.2413052E+00  1.7829875E+00  9.5988278E+06
  -3.2871107E+00 -2.2659549E+00  1.7504401E+00  9.6061510E+06
  -3.2238770E+00 -2.2888770E+00  1.7177445E+00  9.6135075E+06
  -3.1599848E+00 -2.3100500E+00  1.6849002E+00  9.6208975E+06
  -3.0954819E+00 -2.3294539E+00  1.6519066E+00  9.6283210E+06
  -3.0304167E+00 -2.3470696E+00  1.6187634E+00  9.6357782E+06
  -2.9648384E+00 -2.3628798E+00  1.5854701E+00  9.6432692E+06
  -2.8987965E+00 -2.3768680E+00  1.5520262E+00  9.6507941E+06
  -2.8323412E+00 -2.3890195E+00  1.5184311E+00  9.6583530E+06
  -2.7655232E+00 -2.3993207E+00  1.4846844E+00  9.6659460E+06
  -2.6983936E+00 -2.4077594E+00  1.4507856E+00  9.6735732E+06
  -2.6310040E+00 -2.4143248E+00  1.4167343E+00  9.6812348E+06
  -2.5634064E+00 -2.4190076E+00  1.3825299E+00  9.6889308E+06
  -2.4956531E+00 -2.4218000E+00  1.3481718E+00  9.6966613E+06
  -2.4277968E+00 -2.4226952E+00  1.3136597E+00  9.7044266E+06
  -2.3598904E+00 -2.4216885E+00  1.2789930E+00  9.7122266E+06
  -2.2919870E+00 -2.4187761E+00  1.2441712E+00  9.7200615E+06
  -2.2241402E+00 -2.4139559E+00  1.2091937E+00  9.7279314E+06
  -2.1564033E+00 -2.4072275E+00  1.1740601E+00  9.7358365E+06
  -2.0888300E+00 -2.3985915E+00  1.1387699E+00  9.7437768E+06
  -2.0214742E+00 -2.3880505E+00  1.1033225E+00  9.7517524E+06
  -1.9543896E+00 -2.3756083E+00  1.0677173E+00  9.7597636E+06
  -1.8876299E+00 -2.3612703E+00  1.0319540E+00  9.7678104E+06
  -1.8212490E+00 -2.3450433E+00  9.9603181E-01  9.7758928E+06
  -1.7553004E+00 -2.3269360E+00  9.5995036E-01  9.7840112E+06
  -1.6898377E+00 -2.3069581E+00  9.2370907E-01  9.7921655E+06
  -1.6249142E+00 -2.2851212E+00  8.8730738E-01  9.8003558E+06
  -1.5605830E+00 -2.2614382E+00  8.5074476E-01  9.8085824E+06
  -1.4968971E+00 -2.2359238E+00  8.1402065E-01  9.8168454E+06
  -1.4339089E+00 -2.2085939E+00  7.7713450E-01  9.8251447E+06
  -1.3716708E+00 -2.1794660E+00  7.4008575E-01  9.8334807E+06
  -1.3102346E+00 -2.1485593E+00  7.0287385E-01  9.8418534E+06
  -1.2496516E+00 -2.1158942E+00  6.6549823E-01  9.8502629E+06
  -1.1899728E+00 -2.0814928E+00  6.2795832E-01  9.8587094E+06
  -1.1312487E+00 -2.0453788E+00  5.9025355E-01  9.8671930E+06
  -1.0735290E+00 -2.0075770E+00  5.5238334E-01  9.8757137E+06
  -1.0168631E+00 -1.9681139E+00  5.1434713E-01  9.8842719E+06
  -9.6129956E-01 -1.9270175E+00  4.7614432E-01  9.8928675E+06
  -9.0688625E-01 -1.8843171E+00  4.3777433E-01  9.9015008E+06
  -8.5367040E-01 -1.8400434E+00  3.9923657E-01  9.9101718E+06
  -8.0169840E-01 -1.7942288E+00  3.6053046E-01  9.9188806E+06
  -7.5101586E-01 -1.7469067E+00  3.2165538E-01  9.9276275E+06
  -7.0166751E-01 -1.6981121E+00  2.8261075E-01  9.9364126E+06
  -6.5369719E-01 -1.6478813E+00  2.4339596E-01  9.9452359E+06
  -6.0714781E-01 -1.5962518E+00  2.0401039E-01  9.9540977E+06
  -5.6206128E-01 -1.5432627E+00  1.6445345E-01  9.9629980E+06
  -5.1847850E-01 -1.4889541E+00  1.2472451E-01  9.9719370E+06
  -4.7643931E-01 -1.4333674E+00  8.4822951E-02  9.9809148E+06
  -4.3598245E-01 -1.3765454E+00  4.4748154E-02  9.9899317E+06
  -3.9714554E-01 -1.3185319E+00  4.4994913E-03  9.9989876E+06
  -3.5996499E-01 -1.2593721E+00 -3.5923670E-02  1.0008083E+07
  -3.2447603E-01 -1.1991120E+00 -7.6521964E-02  1.0017217E+07
  -2.9071264E-01 -1.1377990E+00 -1.1729603E-01  1.0026392E+07
  -2.5870749E-01 -1.0754816E+00 -1.5824651E-01  1.0035605E+07
  -2.2849196E-01 -1.0122091E+00 -1.9937406E-01  1.0044859E+07
  -2.0009607E-01 -9.4803206E-01 -2.4067932E-01  1.0054153E+07
  -1.7354845E-01 -8.8300187E-01 -2.8216295E-01  1.0063487E+07
  -1.4887631E-01 -8.1717093E-01 -3.2382561E-01  1.0072861E+07
  -1.2610542E-01 -7.5059251E-01 -3.6566796E-01  1.0082275E+07
  -1.0526006E-01 -6.8332077E-01 -4.0769067E-01  1.0091730E+07
  -8.6363016E-02 -6.1541068E-01 -4.4989442E-01  1.0101226E+07
  -6.9435514E-02 -5.4691799E-01 -4.9227988E-01  1.0110763E+07
  -5.4497230E-02 -4.7789922E-01 -5.3484773E-01  1.0120341E+07
  -4.1566242E-02 -4.0841155E-01 -5.7759866E-01  1.0129960E+07
  -3.0659013E-02 -3.3851285E-01 -6.2053335E-01  1.0139620E+07
  -2.1790362E-02 -2.6826160E-01 -6.6365251E-01  1.0149322E+07
  -1.4973445E-02 -1.9771682E-01 -7.0695682E-01  1.0159065E+07
  -1.0219730E-02 -1.2693809E-01 -7.5044700E-01  1.0168851E+07
  -7.5389788E-03 -5.5985433E-02 -7.9412374E-01  1.0178678E+07
  -6.9392251E-03  1.5080688E-02 -8.3798777E-01  1.0188547E+07
  -8.4267588E-03  8.6199436E-02 -8.8203980E-01  1.0198459E+07
  -1.2006108E-02  1.5730964E-01 -9.2628054E-01  1.0208413E+07
  -1.7680024E-02  2.2834987E-01 -9.7071073E-01  1.0218410E+07
  -2.5449466E-02  2.9925844E-01 -1.0153311E+00  1.0228449E+07
  -3.5313591E-02  3.6997350E-01 -1.0601424E+00  1.0238532E+07
  -4.7269740E-02  4.4043309E-01 -1.1051453E+00  1.0248658E+07
  -6.1313428E-02  5.1057516E-01 -1.1503406E+00  1.0258827E+07
  -7.7438340E-02  5.8033765E-01 -1.1957291E+00  1.0269039E+07
  -9.5636318E-02  6.4965852E-01 -1.2413114E+00  1.0279295E+07
  -1.1589736E-01  7.1847584E-01 -1.2870884E+00  1.0289595E+07
  -1.3820962E-01  7.8672781E-01 -1.3330609E+00  1.0299939E+07
  -1.6255938E-01  8.5435282E-01 -1.3792295E+00  1.0310327E+07
  -1.8893110E-01  9.2128954E-01 -1.4255951E+00  1.0320759E+07
  -2.1730737E-01  9.8747692E-01 -1.4721584E+00  1.0331236E+07
  -2.4766894E-01  1.0528543E+00 -1.5189203E+00  1.0341757E+07
  -2.7999470E-01  1.1173614E+00 -1.5658814E+00  1.0352323E+07
  -3.1426173E-01  1.1809384E+00 -1.6130427E+00  1.0362935E+07
  -3.5044524E-01  1.2435261E+00 -1.6604049E+00  1.0373591E+07
  -3.8851866E-01  1.3050658E+00 -1.7079688E+00  1.0384293E+07
  -4.2845358E-01  1.3654995E+00 -1.7557352E+00  1.0395040E+07
  -4.5553152E-01  1.4043526E+00 -1.7870479E+00  1.0402086E+07
