 #  Results from PENMAIN.
 #  Angular distribution of emerging electrons.
 #  1st and 2nd columns: THETA and PHI (deg).
 #  3rd and 4th columns: probability density and STU (1/sr)

   2.000000E+00  7.500001E+00  1.000000E-35  1.000000E-35
   2.000000E+00  2.250000E+01  1.000000E-35  1.000000E-35
   2.000000E+00  3.750000E+01  1.000000E-35  1.000000E-35
   2.000000E+00  5.250001E+01  1.000000E-35  1.000000E-35
   2.000000E+00  6.750001E+01  1.000000E-35  1.000000E-35
   2.000000E+00  8.250001E+01  1.000000E-35  1.000000E-35
   2.000000E+00  9.750001E+01  1.000000E-35  1.000000E-35
   2.000000E+00  1.125000E+02  1.000000E-35  1.000000E-35
   2.000000E+00  1.275000E+02  1.000000E-35  1.000000E-35
   2.000000E+00  1.425000E+02  1.000000E-35  1.000000E-35
   2.000000E+00  1.575000E+02  1.000000E-35  1.000000E-35
   2.000000E+00  1.725000E+02  1.000000E-35  1.000000E-35
   2.000000E+00  1.875000E+02  1.000000E-35  1.000000E-35
   2.000000E+00  2.025000E+02  1.000000E-35  1.000000E-35
   2.000000E+00  2.175000E+02  1.000000E-35  1.000000E-35
   2.000000E+00  2.325000E+02  1.000000E-35  1.000000E-35
   2.000000E+00  2.475000E+02  1.000000E-35  1.000000E-35
   2.000000E+00  2.625000E+02  1.000000E-35  1.000000E-35
   2.000000E+00  2.775000E+02  1.000000E-35  1.000000E-35
   2.000000E+00  2.925000E+02  1.000000E-35  1.000000E-35
   2.000000E+00  3.075000E+02  1.000000E-35  1.000000E-35
   2.000000E+00  3.225000E+02  1.000000E-35  1.000000E-35
   2.000000E+00  3.375000E+02  1.000000E-35  1.000000E-35
   2.000000E+00  3.525000E+02  1.000000E-35  1.000000E-35
    
   6.000001E+00  7.500001E+00  1.000000E-35  1.000000E-35
   6.000001E+00  2.250000E+01  1.000000E-35  1.000000E-35
   6.000001E+00  3.750000E+01  1.000000E-35  1.000000E-35
   6.000001E+00  5.250001E+01  1.000000E-35  1.000000E-35
   6.000001E+00  6.750001E+01  1.000000E-35  1.000000E-35
   6.000001E+00  8.250001E+01  1.000000E-35  1.000000E-35
   6.000001E+00  9.750001E+01  1.000000E-35  1.000000E-35
   6.000001E+00  1.125000E+02  1.000000E-35  1.000000E-35
   6.000001E+00  1.275000E+02  1.000000E-35  1.000000E-35
   6.000001E+00  1.425000E+02  1.000000E-35  1.000000E-35
   6.000001E+00  1.575000E+02  1.000000E-35  1.000000E-35
   6.000001E+00  1.725000E+02  1.000000E-35  1.000000E-35
   6.000001E+00  1.875000E+02  1.000000E-35  1.000000E-35
   6.000001E+00  2.025000E+02  1.000000E-35  1.000000E-35
   6.000001E+00  2.175000E+02  1.000000E-35  1.000000E-35
   6.000001E+00  2.325000E+02  1.000000E-35  1.000000E-35
   6.000001E+00  2.475000E+02  1.000000E-35  1.000000E-35
   6.000001E+00  2.625000E+02  1.000000E-35  1.000000E-35
   6.000001E+00  2.775000E+02  1.000000E-35  1.000000E-35
   6.000001E+00  2.925000E+02  1.000000E-35  1.000000E-35
   6.000001E+00  3.075000E+02  1.000000E-35  1.000000E-35
   6.000001E+00  3.225000E+02  1.000000E-35  1.000000E-35
   6.000001E+00  3.375000E+02  1.000000E-35  1.000000E-35
   6.000001E+00  3.525000E+02  1.000000E-35  1.000000E-35
    
   1.000000E+01  7.500001E+00  1.000000E-35  1.000000E-35
   1.000000E+01  2.250000E+01  1.000000E-35  1.000000E-35
   1.000000E+01  3.750000E+01  1.000000E-35  1.000000E-35
   1.000000E+01  5.250001E+01  1.000000E-35  1.000000E-35
   1.000000E+01  6.750001E+01  1.000000E-35  1.000000E-35
   1.000000E+01  8.250001E+01  1.000000E-35  1.000000E-35
   1.000000E+01  9.750001E+01  1.000000E-35  1.000000E-35
   1.000000E+01  1.125000E+02  1.000000E-35  1.000000E-35
   1.000000E+01  1.275000E+02  1.000000E-35  1.000000E-35
   1.000000E+01  1.425000E+02  1.000000E-35  1.000000E-35
   1.000000E+01  1.575000E+02  1.000000E-35  1.000000E-35
   1.000000E+01  1.725000E+02  1.000000E-35  1.000000E-35
   1.000000E+01  1.875000E+02  1.000000E-35  1.000000E-35
   1.000000E+01  2.025000E+02  1.000000E-35  1.000000E-35
   1.000000E+01  2.175000E+02  1.000000E-35  1.000000E-35
   1.000000E+01  2.325000E+02  1.000000E-35  1.000000E-35
   1.000000E+01  2.475000E+02  1.000000E-35  1.000000E-35
   1.000000E+01  2.625000E+02  1.000000E-35  1.000000E-35
   1.000000E+01  2.775000E+02  1.000000E-35  1.000000E-35
   1.000000E+01  2.925000E+02  1.000000E-35  1.000000E-35
   1.000000E+01  3.075000E+02  1.000000E-35  1.000000E-35
   1.000000E+01  3.225000E+02  1.000000E-35  1.000000E-35
   1.000000E+01  3.375000E+02  1.000000E-35  1.000000E-35
   1.000000E+01  3.525000E+02  1.000000E-35  1.000000E-35
    
   1.400000E+01  7.500001E+00  1.000000E-35  1.000000E-35
   1.400000E+01  2.250000E+01  1.000000E-35  1.000000E-35
   1.400000E+01  3.750000E+01  1.000000E-35  1.000000E-35
   1.400000E+01  5.250001E+01  1.000000E-35  1.000000E-35
   1.400000E+01  6.750001E+01  1.000000E-35  1.000000E-35
   1.400000E+01  8.250001E+01  1.000000E-35  1.000000E-35
   1.400000E+01  9.750001E+01  1.000000E-35  1.000000E-35
   1.400000E+01  1.125000E+02  1.000000E-35  1.000000E-35
   1.400000E+01  1.275000E+02  1.000000E-35  1.000000E-35
   1.400000E+01  1.425000E+02  1.000000E-35  1.000000E-35
   1.400000E+01  1.575000E+02  1.000000E-35  1.000000E-35
   1.400000E+01  1.725000E+02  1.000000E-35  1.000000E-35
   1.400000E+01  1.875000E+02  1.000000E-35  1.000000E-35
   1.400000E+01  2.025000E+02  1.000000E-35  1.000000E-35
   1.400000E+01  2.175000E+02  1.000000E-35  1.000000E-35
   1.400000E+01  2.325000E+02  1.000000E-35  1.000000E-35
   1.400000E+01  2.475000E+02  1.000000E-35  1.000000E-35
   1.400000E+01  2.625000E+02  1.000000E-35  1.000000E-35
   1.400000E+01  2.775000E+02  1.000000E-35  1.000000E-35
   1.400000E+01  2.925000E+02  1.000000E-35  1.000000E-35
   1.400000E+01  3.075000E+02  1.000000E-35  1.000000E-35
   1.400000E+01  3.225000E+02  1.000000E-35  1.000000E-35
   1.400000E+01  3.375000E+02  1.000000E-35  1.000000E-35
   1.400000E+01  3.525000E+02  1.000000E-35  1.000000E-35
    
   1.800000E+01  7.500001E+00  1.000000E-35  1.000000E-35
   1.800000E+01  2.250000E+01  1.000000E-35  1.000000E-35
   1.800000E+01  3.750000E+01  1.000000E-35  1.000000E-35
   1.800000E+01  5.250001E+01  1.000000E-35  1.000000E-35
   1.800000E+01  6.750001E+01  1.000000E-35  1.000000E-35
   1.800000E+01  8.250001E+01  1.000000E-35  1.000000E-35
   1.800000E+01  9.750001E+01  1.000000E-35  1.000000E-35
   1.800000E+01  1.125000E+02  1.000000E-35  1.000000E-35
   1.800000E+01  1.275000E+02  1.000000E-35  1.000000E-35
   1.800000E+01  1.425000E+02  1.000000E-35  1.000000E-35
   1.800000E+01  1.575000E+02  1.000000E-35  1.000000E-35
   1.800000E+01  1.725000E+02  1.000000E-35  1.000000E-35
   1.800000E+01  1.875000E+02  1.000000E-35  1.000000E-35
   1.800000E+01  2.025000E+02  1.000000E-35  1.000000E-35
   1.800000E+01  2.175000E+02  1.000000E-35  1.000000E-35
   1.800000E+01  2.325000E+02  1.000000E-35  1.000000E-35
   1.800000E+01  2.475000E+02  1.000000E-35  1.000000E-35
   1.800000E+01  2.625000E+02  1.000000E-35  1.000000E-35
   1.800000E+01  2.775000E+02  1.000000E-35  1.000000E-35
   1.800000E+01  2.925000E+02  1.000000E-35  1.000000E-35
   1.800000E+01  3.075000E+02  1.000000E-35  1.000000E-35
   1.800000E+01  3.225000E+02  1.000000E-35  1.000000E-35
   1.800000E+01  3.375000E+02  1.000000E-35  1.000000E-35
   1.800000E+01  3.525000E+02  1.000000E-35  1.000000E-35
    
   2.200000E+01  7.500001E+00  1.000000E-35  1.000000E-35
   2.200000E+01  2.250000E+01  1.000000E-35  1.000000E-35
   2.200000E+01  3.750000E+01  1.000000E-35  1.000000E-35
   2.200000E+01  5.250001E+01  1.000000E-35  1.000000E-35
   2.200000E+01  6.750001E+01  1.000000E-35  1.000000E-35
   2.200000E+01  8.250001E+01  1.000000E-35  1.000000E-35
   2.200000E+01  9.750001E+01  1.000000E-35  1.000000E-35
   2.200000E+01  1.125000E+02  1.000000E-35  1.000000E-35
   2.200000E+01  1.275000E+02  1.000000E-35  1.000000E-35
   2.200000E+01  1.425000E+02  1.000000E-35  1.000000E-35
   2.200000E+01  1.575000E+02  1.000000E-35  1.000000E-35
   2.200000E+01  1.725000E+02  1.000000E-35  1.000000E-35
   2.200000E+01  1.875000E+02  1.000000E-35  1.000000E-35
   2.200000E+01  2.025000E+02  1.000000E-35  1.000000E-35
   2.200000E+01  2.175000E+02  1.000000E-35  1.000000E-35
   2.200000E+01  2.325000E+02  1.000000E-35  1.000000E-35
   2.200000E+01  2.475000E+02  1.000000E-35  1.000000E-35
   2.200000E+01  2.625000E+02  1.000000E-35  1.000000E-35
   2.200000E+01  2.775000E+02  1.000000E-35  1.000000E-35
   2.200000E+01  2.925000E+02  1.000000E-35  1.000000E-35
   2.200000E+01  3.075000E+02  1.000000E-35  1.000000E-35
   2.200000E+01  3.225000E+02  1.000000E-35  1.000000E-35
   2.200000E+01  3.375000E+02  1.000000E-35  1.000000E-35
   2.200000E+01  3.525000E+02  1.000000E-35  1.000000E-35
    
   2.600000E+01  7.500001E+00  1.000000E-35  1.000000E-35
   2.600000E+01  2.250000E+01  1.000000E-35  1.000000E-35
   2.600000E+01  3.750000E+01  1.000000E-35  1.000000E-35
   2.600000E+01  5.250001E+01  1.000000E-35  1.000000E-35
   2.600000E+01  6.750001E+01  1.000000E-35  1.000000E-35
   2.600000E+01  8.250001E+01  1.000000E-35  1.000000E-35
   2.600000E+01  9.750001E+01  1.000000E-35  1.000000E-35
   2.600000E+01  1.125000E+02  1.000000E-35  1.000000E-35
   2.600000E+01  1.275000E+02  1.000000E-35  1.000000E-35
   2.600000E+01  1.425000E+02  1.000000E-35  1.000000E-35
   2.600000E+01  1.575000E+02  1.000000E-35  1.000000E-35
   2.600000E+01  1.725000E+02  1.000000E-35  1.000000E-35
   2.600000E+01  1.875000E+02  1.000000E-35  1.000000E-35
   2.600000E+01  2.025000E+02  1.000000E-35  1.000000E-35
   2.600000E+01  2.175000E+02  1.000000E-35  1.000000E-35
   2.600000E+01  2.325000E+02  1.000000E-35  1.000000E-35
   2.600000E+01  2.475000E+02  1.000000E-35  1.000000E-35
   2.600000E+01  2.625000E+02  1.000000E-35  1.000000E-35
   2.600000E+01  2.775000E+02  1.000000E-35  1.000000E-35
   2.600000E+01  2.925000E+02  1.000000E-35  1.000000E-35
   2.600000E+01  3.075000E+02  1.000000E-35  1.000000E-35
   2.600000E+01  3.225000E+02  1.000000E-35  1.000000E-35
   2.600000E+01  3.375000E+02  1.000000E-35  1.000000E-35
   2.600000E+01  3.525000E+02  1.000000E-35  1.000000E-35
    
   3.000000E+01  7.500001E+00  1.000000E-35  1.000000E-35
   3.000000E+01  2.250000E+01  1.000000E-35  1.000000E-35
   3.000000E+01  3.750000E+01  1.000000E-35  1.000000E-35
   3.000000E+01  5.250001E+01  1.000000E-35  1.000000E-35
   3.000000E+01  6.750001E+01  1.000000E-35  1.000000E-35
   3.000000E+01  8.250001E+01  1.000000E-35  1.000000E-35
   3.000000E+01  9.750001E+01  1.000000E-35  1.000000E-35
   3.000000E+01  1.125000E+02  1.000000E-35  1.000000E-35
   3.000000E+01  1.275000E+02  1.000000E-35  1.000000E-35
   3.000000E+01  1.425000E+02  1.000000E-35  1.000000E-35
   3.000000E+01  1.575000E+02  1.000000E-35  1.000000E-35
   3.000000E+01  1.725000E+02  1.000000E-35  1.000000E-35
   3.000000E+01  1.875000E+02  1.000000E-35  1.000000E-35
   3.000000E+01  2.025000E+02  1.000000E-35  1.000000E-35
   3.000000E+01  2.175000E+02  1.000000E-35  1.000000E-35
   3.000000E+01  2.325000E+02  1.000000E-35  1.000000E-35
   3.000000E+01  2.475000E+02  1.000000E-35  1.000000E-35
   3.000000E+01  2.625000E+02  1.000000E-35  1.000000E-35
   3.000000E+01  2.775000E+02  1.000000E-35  1.000000E-35
   3.000000E+01  2.925000E+02  1.000000E-35  1.000000E-35
   3.000000E+01  3.075000E+02  1.000000E-35  1.000000E-35
   3.000000E+01  3.225000E+02  1.000000E-35  1.000000E-35
   3.000000E+01  3.375000E+02  1.000000E-35  1.000000E-35
   3.000000E+01  3.525000E+02  1.000000E-35  1.000000E-35
    
   3.400000E+01  7.500001E+00  1.000000E-35  1.000000E-35
   3.400000E+01  2.250000E+01  1.000000E-35  1.000000E-35
   3.400000E+01  3.750000E+01  1.000000E-35  1.000000E-35
   3.400000E+01  5.250001E+01  1.000000E-35  1.000000E-35
   3.400000E+01  6.750001E+01  1.000000E-35  1.000000E-35
   3.400000E+01  8.250001E+01  1.000000E-35  1.000000E-35
   3.400000E+01  9.750001E+01  1.000000E-35  1.000000E-35
   3.400000E+01  1.125000E+02  1.000000E-35  1.000000E-35
   3.400000E+01  1.275000E+02  1.000000E-35  1.000000E-35
   3.400000E+01  1.425000E+02  1.000000E-35  1.000000E-35
   3.400000E+01  1.575000E+02  1.000000E-35  1.000000E-35
   3.400000E+01  1.725000E+02  1.000000E-35  1.000000E-35
   3.400000E+01  1.875000E+02  1.000000E-35  1.000000E-35
   3.400000E+01  2.025000E+02  1.000000E-35  1.000000E-35
   3.400000E+01  2.175000E+02  1.000000E-35  1.000000E-35
   3.400000E+01  2.325000E+02  1.000000E-35  1.000000E-35
   3.400000E+01  2.475000E+02  1.000000E-35  1.000000E-35
   3.400000E+01  2.625000E+02  1.000000E-35  1.000000E-35
   3.400000E+01  2.775000E+02  1.000000E-35  1.000000E-35
   3.400000E+01  2.925000E+02  1.000000E-35  1.000000E-35
   3.400000E+01  3.075000E+02  1.000000E-35  1.000000E-35
   3.400000E+01  3.225000E+02  1.000000E-35  1.000000E-35
   3.400000E+01  3.375000E+02  1.000000E-35  1.000000E-35
   3.400000E+01  3.525000E+02  1.000000E-35  1.000000E-35
    
   3.800000E+01  7.500001E+00  1.000000E-35  1.000000E-35
   3.800000E+01  2.250000E+01  1.000000E-35  1.000000E-35
   3.800000E+01  3.750000E+01  1.000000E-35  1.000000E-35
   3.800000E+01  5.250001E+01  1.000000E-35  1.000000E-35
   3.800000E+01  6.750001E+01  1.000000E-35  1.000000E-35
   3.800000E+01  8.250001E+01  1.000000E-35  1.000000E-35
   3.800000E+01  9.750001E+01  1.000000E-35  1.000000E-35
   3.800000E+01  1.125000E+02  1.000000E-35  1.000000E-35
   3.800000E+01  1.275000E+02  1.000000E-35  1.000000E-35
   3.800000E+01  1.425000E+02  1.000000E-35  1.000000E-35
   3.800000E+01  1.575000E+02  1.000000E-35  1.000000E-35
   3.800000E+01  1.725000E+02  1.000000E-35  1.000000E-35
   3.800000E+01  1.875000E+02  1.000000E-35  1.000000E-35
   3.800000E+01  2.025000E+02  1.000000E-35  1.000000E-35
   3.800000E+01  2.175000E+02  1.000000E-35  1.000000E-35
   3.800000E+01  2.325000E+02  1.000000E-35  1.000000E-35
   3.800000E+01  2.475000E+02  1.000000E-35  1.000000E-35
   3.800000E+01  2.625000E+02  1.000000E-35  1.000000E-35
   3.800000E+01  2.775000E+02  1.000000E-35  1.000000E-35
   3.800000E+01  2.925000E+02  1.000000E-35  1.000000E-35
   3.800000E+01  3.075000E+02  1.000000E-35  1.000000E-35
   3.800000E+01  3.225000E+02  1.000000E-35  1.000000E-35
   3.800000E+01  3.375000E+02  1.000000E-35  1.000000E-35
   3.800000E+01  3.525000E+02  1.000000E-35  1.000000E-35
    
   4.200000E+01  7.500001E+00  1.000000E-35  1.000000E-35
   4.200000E+01  2.250000E+01  1.000000E-35  1.000000E-35
   4.200000E+01  3.750000E+01  1.000000E-35  1.000000E-35
   4.200000E+01  5.250001E+01  1.000000E-35  1.000000E-35
   4.200000E+01  6.750001E+01  1.000000E-35  1.000000E-35
   4.200000E+01  8.250001E+01  1.000000E-35  1.000000E-35
   4.200000E+01  9.750001E+01  1.000000E-35  1.000000E-35
   4.200000E+01  1.125000E+02  1.000000E-35  1.000000E-35
   4.200000E+01  1.275000E+02  1.000000E-35  1.000000E-35
   4.200000E+01  1.425000E+02  1.000000E-35  1.000000E-35
   4.200000E+01  1.575000E+02  1.000000E-35  1.000000E-35
   4.200000E+01  1.725000E+02  1.000000E-35  1.000000E-35
   4.200000E+01  1.875000E+02  1.000000E-35  1.000000E-35
   4.200000E+01  2.025000E+02  1.000000E-35  1.000000E-35
   4.200000E+01  2.175000E+02  1.000000E-35  1.000000E-35
   4.200000E+01  2.325000E+02  1.000000E-35  1.000000E-35
   4.200000E+01  2.475000E+02  1.000000E-35  1.000000E-35
   4.200000E+01  2.625000E+02  1.000000E-35  1.000000E-35
   4.200000E+01  2.775000E+02  1.000000E-35  1.000000E-35
   4.200000E+01  2.925000E+02  1.000000E-35  1.000000E-35
   4.200000E+01  3.075000E+02  1.000000E-35  1.000000E-35
   4.200000E+01  3.225000E+02  1.000000E-35  1.000000E-35
   4.200000E+01  3.375000E+02  1.000000E-35  1.000000E-35
   4.200000E+01  3.525000E+02  1.000000E-35  1.000000E-35
    
   4.600000E+01  7.500001E+00  1.000000E-35  1.000000E-35
   4.600000E+01  2.250000E+01  1.000000E-35  1.000000E-35
   4.600000E+01  3.750000E+01  1.000000E-35  1.000000E-35
   4.600000E+01  5.250001E+01  1.000000E-35  1.000000E-35
   4.600000E+01  6.750001E+01  1.000000E-35  1.000000E-35
   4.600000E+01  8.250001E+01  1.000000E-35  1.000000E-35
   4.600000E+01  9.750001E+01  1.000000E-35  1.000000E-35
   4.600000E+01  1.125000E+02  1.000000E-35  1.000000E-35
   4.600000E+01  1.275000E+02  1.000000E-35  1.000000E-35
   4.600000E+01  1.425000E+02  1.000000E-35  1.000000E-35
   4.600000E+01  1.575000E+02  1.000000E-35  1.000000E-35
   4.600000E+01  1.725000E+02  1.000000E-35  1.000000E-35
   4.600000E+01  1.875000E+02  1.000000E-35  1.000000E-35
   4.600000E+01  2.025000E+02  1.000000E-35  1.000000E-35
   4.600000E+01  2.175000E+02  1.000000E-35  1.000000E-35
   4.600000E+01  2.325000E+02  1.000000E-35  1.000000E-35
   4.600000E+01  2.475000E+02  1.000000E-35  1.000000E-35
   4.600000E+01  2.625000E+02  1.000000E-35  1.000000E-35
   4.600000E+01  2.775000E+02  1.000000E-35  1.000000E-35
   4.600000E+01  2.925000E+02  1.000000E-35  1.000000E-35
   4.600000E+01  3.075000E+02  1.000000E-35  1.000000E-35
   4.600000E+01  3.225000E+02  1.000000E-35  1.000000E-35
   4.600000E+01  3.375000E+02  1.000000E-35  1.000000E-35
   4.600000E+01  3.525000E+02  1.000000E-35  1.000000E-35
    
   5.000001E+01  7.500001E+00  1.000000E-35  1.000000E-35
   5.000001E+01  2.250000E+01  1.000000E-35  1.000000E-35
   5.000001E+01  3.750000E+01  1.000000E-35  1.000000E-35
   5.000001E+01  5.250001E+01  1.000000E-35  1.000000E-35
   5.000001E+01  6.750001E+01  1.000000E-35  1.000000E-35
   5.000001E+01  8.250001E+01  1.000000E-35  1.000000E-35
   5.000001E+01  9.750001E+01  1.000000E-35  1.000000E-35
   5.000001E+01  1.125000E+02  1.000000E-35  1.000000E-35
   5.000001E+01  1.275000E+02  1.000000E-35  1.000000E-35
   5.000001E+01  1.425000E+02  1.000000E-35  1.000000E-35
   5.000001E+01  1.575000E+02  1.000000E-35  1.000000E-35
   5.000001E+01  1.725000E+02  1.000000E-35  1.000000E-35
   5.000001E+01  1.875000E+02  1.000000E-35  1.000000E-35
   5.000001E+01  2.025000E+02  1.000000E-35  1.000000E-35
   5.000001E+01  2.175000E+02  1.000000E-35  1.000000E-35
   5.000001E+01  2.325000E+02  1.000000E-35  1.000000E-35
   5.000001E+01  2.475000E+02  1.000000E-35  1.000000E-35
   5.000001E+01  2.625000E+02  1.000000E-35  1.000000E-35
   5.000001E+01  2.775000E+02  1.000000E-35  1.000000E-35
   5.000001E+01  2.925000E+02  1.000000E-35  1.000000E-35
   5.000001E+01  3.075000E+02  1.000000E-35  1.000000E-35
   5.000001E+01  3.225000E+02  1.000000E-35  1.000000E-35
   5.000001E+01  3.375000E+02  1.000000E-35  1.000000E-35
   5.000001E+01  3.525000E+02  1.000000E-35  1.000000E-35
    
   5.400001E+01  7.500001E+00  1.000000E-35  1.000000E-35
   5.400001E+01  2.250000E+01  1.000000E-35  1.000000E-35
   5.400001E+01  3.750000E+01  1.000000E-35  1.000000E-35
   5.400001E+01  5.250001E+01  1.000000E-35  1.000000E-35
   5.400001E+01  6.750001E+01  1.000000E-35  1.000000E-35
   5.400001E+01  8.250001E+01  1.000000E-35  1.000000E-35
   5.400001E+01  9.750001E+01  1.000000E-35  1.000000E-35
   5.400001E+01  1.125000E+02  1.000000E-35  1.000000E-35
   5.400001E+01  1.275000E+02  1.000000E-35  1.000000E-35
   5.400001E+01  1.425000E+02  1.000000E-35  1.000000E-35
   5.400001E+01  1.575000E+02  1.000000E-35  1.000000E-35
   5.400001E+01  1.725000E+02  1.000000E-35  1.000000E-35
   5.400001E+01  1.875000E+02  1.000000E-35  1.000000E-35
   5.400001E+01  2.025000E+02  1.000000E-35  1.000000E-35
   5.400001E+01  2.175000E+02  1.000000E-35  1.000000E-35
   5.400001E+01  2.325000E+02  1.000000E-35  1.000000E-35
   5.400001E+01  2.475000E+02  1.000000E-35  1.000000E-35
   5.400001E+01  2.625000E+02  1.000000E-35  1.000000E-35
   5.400001E+01  2.775000E+02  1.000000E-35  1.000000E-35
   5.400001E+01  2.925000E+02  1.000000E-35  1.000000E-35
   5.400001E+01  3.075000E+02  1.000000E-35  1.000000E-35
   5.400001E+01  3.225000E+02  1.000000E-35  1.000000E-35
   5.400001E+01  3.375000E+02  1.000000E-35  1.000000E-35
   5.400001E+01  3.525000E+02  1.000000E-35  1.000000E-35
    
   5.800001E+01  7.500001E+00  1.000000E-35  1.000000E-35
   5.800001E+01  2.250000E+01  1.000000E-35  1.000000E-35
   5.800001E+01  3.750000E+01  1.000000E-35  1.000000E-35
   5.800001E+01  5.250001E+01  1.000000E-35  1.000000E-35
   5.800001E+01  6.750001E+01  1.000000E-35  1.000000E-35
   5.800001E+01  8.250001E+01  1.000000E-35  1.000000E-35
   5.800001E+01  9.750001E+01  1.000000E-35  1.000000E-35
   5.800001E+01  1.125000E+02  1.000000E-35  1.000000E-35
   5.800001E+01  1.275000E+02  1.000000E-35  1.000000E-35
   5.800001E+01  1.425000E+02  1.000000E-35  1.000000E-35
   5.800001E+01  1.575000E+02  1.000000E-35  1.000000E-35
   5.800001E+01  1.725000E+02  1.000000E-35  1.000000E-35
   5.800001E+01  1.875000E+02  1.000000E-35  1.000000E-35
   5.800001E+01  2.025000E+02  1.000000E-35  1.000000E-35
   5.800001E+01  2.175000E+02  1.000000E-35  1.000000E-35
   5.800001E+01  2.325000E+02  1.000000E-35  1.000000E-35
   5.800001E+01  2.475000E+02  1.000000E-35  1.000000E-35
   5.800001E+01  2.625000E+02  1.000000E-35  1.000000E-35
   5.800001E+01  2.775000E+02  1.000000E-35  1.000000E-35
   5.800001E+01  2.925000E+02  1.000000E-35  1.000000E-35
   5.800001E+01  3.075000E+02  1.000000E-35  1.000000E-35
   5.800001E+01  3.225000E+02  1.000000E-35  1.000000E-35
   5.800001E+01  3.375000E+02  1.000000E-35  1.000000E-35
   5.800001E+01  3.525000E+02  1.000000E-35  1.000000E-35
    
   6.200001E+01  7.500001E+00  1.000000E-35  1.000000E-35
   6.200001E+01  2.250000E+01  1.000000E-35  1.000000E-35
   6.200001E+01  3.750000E+01  8.216425E-05  2.464903E-04
   6.200001E+01  5.250001E+01  1.000000E-35  1.000000E-35
   6.200001E+01  6.750001E+01  1.000000E-35  1.000000E-35
   6.200001E+01  8.250001E+01  1.000000E-35  1.000000E-35
   6.200001E+01  9.750001E+01  1.000000E-35  1.000000E-35
   6.200001E+01  1.125000E+02  1.000000E-35  1.000000E-35
   6.200001E+01  1.275000E+02  1.000000E-35  1.000000E-35
   6.200001E+01  1.425000E+02  1.000000E-35  1.000000E-35
   6.200001E+01  1.575000E+02  1.000000E-35  1.000000E-35
   6.200001E+01  1.725000E+02  1.000000E-35  1.000000E-35
   6.200001E+01  1.875000E+02  1.000000E-35  1.000000E-35
   6.200001E+01  2.025000E+02  1.000000E-35  1.000000E-35
   6.200001E+01  2.175000E+02  1.000000E-35  1.000000E-35
   6.200001E+01  2.325000E+02  1.000000E-35  1.000000E-35
   6.200001E+01  2.475000E+02  1.000000E-35  1.000000E-35
   6.200001E+01  2.625000E+02  1.000000E-35  1.000000E-35
   6.200001E+01  2.775000E+02  1.000000E-35  1.000000E-35
   6.200001E+01  2.925000E+02  1.000000E-35  1.000000E-35
   6.200001E+01  3.075000E+02  1.000000E-35  1.000000E-35
   6.200001E+01  3.225000E+02  1.000000E-35  1.000000E-35
   6.200001E+01  3.375000E+02  1.000000E-35  1.000000E-35
   6.200001E+01  3.525000E+02  1.000000E-35  1.000000E-35
    
   6.600001E+01  7.500001E+00  1.000000E-35  1.000000E-35
   6.600001E+01  2.250000E+01  1.000000E-35  1.000000E-35
   6.600001E+01  3.750000E+01  1.000000E-35  1.000000E-35
   6.600001E+01  5.250001E+01  1.000000E-35  1.000000E-35
   6.600001E+01  6.750001E+01  1.000000E-35  1.000000E-35
   6.600001E+01  8.250001E+01  1.000000E-35  1.000000E-35
   6.600001E+01  9.750001E+01  1.000000E-35  1.000000E-35
   6.600001E+01  1.125000E+02  1.000000E-35  1.000000E-35
   6.600001E+01  1.275000E+02  1.000000E-35  1.000000E-35
   6.600001E+01  1.425000E+02  1.000000E-35  1.000000E-35
   6.600001E+01  1.575000E+02  1.000000E-35  1.000000E-35
   6.600001E+01  1.725000E+02  1.000000E-35  1.000000E-35
   6.600001E+01  1.875000E+02  1.000000E-35  1.000000E-35
   6.600001E+01  2.025000E+02  1.000000E-35  1.000000E-35
   6.600001E+01  2.175000E+02  1.000000E-35  1.000000E-35
   6.600001E+01  2.325000E+02  1.000000E-35  1.000000E-35
   6.600001E+01  2.475000E+02  1.000000E-35  1.000000E-35
   6.600001E+01  2.625000E+02  1.000000E-35  1.000000E-35
   6.600001E+01  2.775000E+02  1.000000E-35  1.000000E-35
   6.600001E+01  2.925000E+02  1.000000E-35  1.000000E-35
   6.600001E+01  3.075000E+02  1.000000E-35  1.000000E-35
   6.600001E+01  3.225000E+02  1.000000E-35  1.000000E-35
   6.600001E+01  3.375000E+02  1.000000E-35  1.000000E-35
   6.600001E+01  3.525000E+02  1.000000E-35  1.000000E-35
    
   7.000001E+01  7.500001E+00  7.720262E-05  2.316056E-04
   7.000001E+01  2.250000E+01  1.000000E-35  1.000000E-35
   7.000001E+01  3.750000E+01  1.000000E-35  1.000000E-35
   7.000001E+01  5.250001E+01  1.000000E-35  1.000000E-35
   7.000001E+01  6.750001E+01  7.720262E-05  2.316056E-04
   7.000001E+01  8.250001E+01  1.000000E-35  1.000000E-35
   7.000001E+01  9.750001E+01  7.720262E-05  2.316056E-04
   7.000001E+01  1.125000E+02  1.000000E-35  1.000000E-35
   7.000001E+01  1.275000E+02  1.000000E-35  1.000000E-35
   7.000001E+01  1.425000E+02  1.000000E-35  1.000000E-35
   7.000001E+01  1.575000E+02  1.000000E-35  1.000000E-35
   7.000001E+01  1.725000E+02  1.000000E-35  1.000000E-35
   7.000001E+01  1.875000E+02  1.000000E-35  1.000000E-35
   7.000001E+01  2.025000E+02  1.000000E-35  1.000000E-35
   7.000001E+01  2.175000E+02  1.000000E-35  1.000000E-35
   7.000001E+01  2.325000E+02  1.000000E-35  1.000000E-35
   7.000001E+01  2.475000E+02  1.000000E-35  1.000000E-35
   7.000001E+01  2.625000E+02  1.000000E-35  1.000000E-35
   7.000001E+01  2.775000E+02  1.000000E-35  1.000000E-35
   7.000001E+01  2.925000E+02  1.000000E-35  1.000000E-35
   7.000001E+01  3.075000E+02  1.000000E-35  1.000000E-35
   7.000001E+01  3.225000E+02  1.000000E-35  1.000000E-35
   7.000001E+01  3.375000E+02  7.720262E-05  2.316056E-04
   7.000001E+01  3.525000E+02  1.000000E-35  1.000000E-35
    
   7.400001E+01  7.500001E+00  1.000000E-35  1.000000E-35
   7.400001E+01  2.250000E+01  1.000000E-35  1.000000E-35
   7.400001E+01  3.750000E+01  1.000000E-35  1.000000E-35
   7.400001E+01  5.250001E+01  1.000000E-35  1.000000E-35
   7.400001E+01  6.750001E+01  1.000000E-35  1.000000E-35
   7.400001E+01  8.250001E+01  1.000000E-35  1.000000E-35
   7.400001E+01  9.750001E+01  1.000000E-35  1.000000E-35
   7.400001E+01  1.125000E+02  1.000000E-35  1.000000E-35
   7.400001E+01  1.275000E+02  1.000000E-35  1.000000E-35
   7.400001E+01  1.425000E+02  1.000000E-35  1.000000E-35
   7.400001E+01  1.575000E+02  1.000000E-35  1.000000E-35
   7.400001E+01  1.725000E+02  1.000000E-35  1.000000E-35
   7.400001E+01  1.875000E+02  1.000000E-35  1.000000E-35
   7.400001E+01  2.025000E+02  1.000000E-35  1.000000E-35
   7.400001E+01  2.175000E+02  1.000000E-35  1.000000E-35
   7.400001E+01  2.325000E+02  1.000000E-35  1.000000E-35
   7.400001E+01  2.475000E+02  1.000000E-35  1.000000E-35
   7.400001E+01  2.625000E+02  1.000000E-35  1.000000E-35
   7.400001E+01  2.775000E+02  1.000000E-35  1.000000E-35
   7.400001E+01  2.925000E+02  1.000000E-35  1.000000E-35
   7.400001E+01  3.075000E+02  1.000000E-35  1.000000E-35
   7.400001E+01  3.225000E+02  1.000000E-35  1.000000E-35
   7.400001E+01  3.375000E+02  1.000000E-35  1.000000E-35
   7.400001E+01  3.525000E+02  1.000000E-35  1.000000E-35
    
   7.800001E+01  7.500001E+00  1.000000E-35  1.000000E-35
   7.800001E+01  2.250000E+01  1.483349E-04  3.146597E-04
   7.800001E+01  3.750000E+01  1.000000E-35  1.000000E-35
   7.800001E+01  5.250001E+01  1.000000E-35  1.000000E-35
   7.800001E+01  6.750001E+01  1.000000E-35  1.000000E-35
   7.800001E+01  8.250001E+01  1.000000E-35  1.000000E-35
   7.800001E+01  9.750001E+01  1.000000E-35  1.000000E-35
   7.800001E+01  1.125000E+02  1.000000E-35  1.000000E-35
   7.800001E+01  1.275000E+02  1.000000E-35  1.000000E-35
   7.800001E+01  1.425000E+02  1.000000E-35  1.000000E-35
   7.800001E+01  1.575000E+02  1.000000E-35  1.000000E-35
   7.800001E+01  1.725000E+02  1.000000E-35  1.000000E-35
   7.800001E+01  1.875000E+02  1.000000E-35  1.000000E-35
   7.800001E+01  2.025000E+02  1.000000E-35  1.000000E-35
   7.800001E+01  2.175000E+02  1.000000E-35  1.000000E-35
   7.800001E+01  2.325000E+02  1.000000E-35  1.000000E-35
   7.800001E+01  2.475000E+02  1.000000E-35  1.000000E-35
   7.800001E+01  2.625000E+02  1.000000E-35  1.000000E-35
   7.800001E+01  2.775000E+02  1.000000E-35  1.000000E-35
   7.800001E+01  2.925000E+02  1.000000E-35  1.000000E-35
   7.800001E+01  3.075000E+02  1.000000E-35  1.000000E-35
   7.800001E+01  3.225000E+02  1.000000E-35  1.000000E-35
   7.800001E+01  3.375000E+02  1.000000E-35  1.000000E-35
   7.800001E+01  3.525000E+02  1.000000E-35  1.000000E-35
    
   8.200001E+01  7.500001E+00  1.000000E-35  1.000000E-35
   8.200001E+01  2.250000E+01  1.000000E-35  1.000000E-35
   8.200001E+01  3.750000E+01  1.000000E-35  1.000000E-35
   8.200001E+01  5.250001E+01  1.000000E-35  1.000000E-35
   8.200001E+01  6.750001E+01  1.000000E-35  1.000000E-35
   8.200001E+01  8.250001E+01  1.000000E-35  1.000000E-35
   8.200001E+01  9.750001E+01  1.000000E-35  1.000000E-35
   8.200001E+01  1.125000E+02  7.325969E-05  2.197769E-04
   8.200001E+01  1.275000E+02  1.000000E-35  1.000000E-35
   8.200001E+01  1.425000E+02  1.000000E-35  1.000000E-35
   8.200001E+01  1.575000E+02  1.000000E-35  1.000000E-35
   8.200001E+01  1.725000E+02  1.000000E-35  1.000000E-35
   8.200001E+01  1.875000E+02  1.000000E-35  1.000000E-35
   8.200001E+01  2.025000E+02  1.000000E-35  1.000000E-35
   8.200001E+01  2.175000E+02  1.000000E-35  1.000000E-35
   8.200001E+01  2.325000E+02  1.000000E-35  1.000000E-35
   8.200001E+01  2.475000E+02  1.000000E-35  1.000000E-35
   8.200001E+01  2.625000E+02  1.000000E-35  1.000000E-35
   8.200001E+01  2.775000E+02  1.000000E-35  1.000000E-35
   8.200001E+01  2.925000E+02  7.325969E-05  2.197769E-04
   8.200001E+01  3.075000E+02  1.000000E-35  1.000000E-35
   8.200001E+01  3.225000E+02  1.000000E-35  1.000000E-35
   8.200001E+01  3.375000E+02  7.325969E-05  2.197769E-04
   8.200001E+01  3.525000E+02  1.000000E-35  1.000000E-35
    
   8.600001E+01  7.500001E+00  7.272389E-05  2.181695E-04
   8.600001E+01  2.250000E+01  1.000000E-35  1.000000E-35
   8.600001E+01  3.750000E+01  7.272389E-05  2.181695E-04
   8.600001E+01  5.250001E+01  1.000000E-35  1.000000E-35
   8.600001E+01  6.750001E+01  1.000000E-35  1.000000E-35
   8.600001E+01  8.250001E+01  7.272389E-05  2.181695E-04
   8.600001E+01  9.750001E+01  1.000000E-35  1.000000E-35
   8.600001E+01  1.125000E+02  1.000000E-35  1.000000E-35
   8.600001E+01  1.275000E+02  1.000000E-35  1.000000E-35
   8.600001E+01  1.425000E+02  1.000000E-35  1.000000E-35
   8.600001E+01  1.575000E+02  7.272389E-05  2.181695E-04
   8.600001E+01  1.725000E+02  7.272389E-05  2.181695E-04
   8.600001E+01  1.875000E+02  1.000000E-35  1.000000E-35
   8.600001E+01  2.025000E+02  1.000000E-35  1.000000E-35
   8.600001E+01  2.175000E+02  1.000000E-35  1.000000E-35
   8.600001E+01  2.325000E+02  1.000000E-35  1.000000E-35
   8.600001E+01  2.475000E+02  1.000000E-35  1.000000E-35
   8.600001E+01  2.625000E+02  1.000000E-35  1.000000E-35
   8.600001E+01  2.775000E+02  1.000000E-35  1.000000E-35
   8.600001E+01  2.925000E+02  1.000000E-35  1.000000E-35
   8.600001E+01  3.075000E+02  1.000000E-35  1.000000E-35
   8.600001E+01  3.225000E+02  1.000000E-35  1.000000E-35
   8.600001E+01  3.375000E+02  1.000000E-35  1.000000E-35
   8.600001E+01  3.525000E+02  1.000000E-35  1.000000E-35
    
   9.000001E+01  7.500001E+00  1.000000E-35  1.000000E-35
   9.000001E+01  2.250000E+01  7.254673E-05  2.176380E-04
   9.000001E+01  3.750000E+01  1.000000E-35  1.000000E-35
   9.000001E+01  5.250001E+01  7.254673E-05  2.176380E-04
   9.000001E+01  6.750001E+01  1.000000E-35  1.000000E-35
   9.000001E+01  8.250001E+01  1.000000E-35  1.000000E-35
   9.000001E+01  9.750001E+01  7.254673E-05  2.176380E-04
   9.000001E+01  1.125000E+02  1.000000E-35  1.000000E-35
   9.000001E+01  1.275000E+02  1.000000E-35  1.000000E-35
   9.000001E+01  1.425000E+02  1.000000E-35  1.000000E-35
   9.000001E+01  1.575000E+02  1.000000E-35  1.000000E-35
   9.000001E+01  1.725000E+02  7.254673E-05  2.176380E-04
   9.000001E+01  1.875000E+02  1.000000E-35  1.000000E-35
   9.000001E+01  2.025000E+02  1.088201E-03  3.264571E-03
   9.000001E+01  2.175000E+02  1.000000E-35  1.000000E-35
   9.000001E+01  2.325000E+02  1.160748E-03  3.271813E-03
   9.000001E+01  2.475000E+02  1.000000E-35  1.000000E-35
   9.000001E+01  2.625000E+02  1.000000E-35  1.000000E-35
   9.000001E+01  2.775000E+02  1.000000E-35  1.000000E-35
   9.000001E+01  2.925000E+02  1.000000E-35  1.000000E-35
   9.000001E+01  3.075000E+02  1.000000E-35  1.000000E-35
   9.000001E+01  3.225000E+02  1.000000E-35  1.000000E-35
   9.000001E+01  3.375000E+02  1.000000E-35  1.000000E-35
   9.000001E+01  3.525000E+02  1.000000E-35  1.000000E-35
    
   9.400001E+01  7.500001E+00  1.090858E-03  3.272542E-03
   9.400001E+01  2.250000E+01  4.436157E-03  6.548516E-03
   9.400001E+01  3.750000E+01  1.163582E-03  3.279802E-03
   9.400001E+01  5.250001E+01  1.309030E-03  3.294273E-03
   9.400001E+01  6.750001E+01  1.454478E-04  3.085352E-04
   9.400001E+01  8.250001E+01  1.236306E-03  3.287046E-03
   9.400001E+01  9.750001E+01  1.163582E-03  3.279802E-03
   9.400001E+01  1.125000E+02  2.181717E-04  3.778731E-04
   9.400001E+01  1.275000E+02  2.254440E-03  4.633161E-03
   9.400001E+01  1.425000E+02  2.254440E-03  4.633161E-03
   9.400001E+01  1.575000E+02  7.272389E-05  2.181695E-04
   9.400001E+01  1.725000E+02  3.418023E-03  5.676473E-03
   9.400001E+01  1.875000E+02  2.399888E-03  4.643410E-03
   9.400001E+01  2.025000E+02  4.436157E-03  6.548516E-03
   9.400001E+01  2.175000E+02  4.508881E-03  6.552141E-03
   9.400001E+01  2.325000E+02  2.181717E-03  4.628028E-03
   9.400001E+01  2.475000E+02  1.236306E-03  3.287046E-03
   9.400001E+01  2.625000E+02  7.272389E-05  2.181695E-04
   9.400001E+01  2.775000E+02  1.236306E-03  3.287046E-03
   9.400001E+01  2.925000E+02  3.490747E-03  5.680656E-03
   9.400001E+01  3.075000E+02  1.163582E-03  3.279802E-03
   9.400001E+01  3.225000E+02  2.327164E-03  4.638289E-03
   9.400001E+01  3.375000E+02  1.236306E-03  3.287046E-03
   9.400001E+01  3.525000E+02  1.090858E-03  3.272542E-03
    
   9.800001E+01  7.500001E+00  2.490830E-03  4.682775E-03
   9.800001E+01  2.250000E+01  3.882764E-03  5.743531E-03
   9.800001E+01  3.750000E+01  5.934035E-03  7.390820E-03
   9.800001E+01  5.250001E+01  4.615361E-03  6.604064E-03
   9.800001E+01  6.750001E+01  4.761880E-03  6.611355E-03
   9.800001E+01  8.250001E+01  8.937683E-03  9.328849E-03
   9.800001E+01  9.750001E+01  5.714256E-03  7.381041E-03
   9.800001E+01  1.125000E+02  3.662985E-03  5.730928E-03
   9.800001E+01  1.275000E+02  3.516465E-03  5.722510E-03
   9.800001E+01  1.425000E+02  6.739892E-03  8.080676E-03
   9.800001E+01  1.575000E+02  2.637349E-03  4.693064E-03
   9.800001E+01  1.725000E+02  2.344310E-03  4.672462E-03
   9.800001E+01  1.875000E+02  6.886411E-03  8.086629E-03
   9.800001E+01  2.025000E+02  3.662985E-03  5.730928E-03
   9.800001E+01  2.175000E+02  7.838787E-03  8.727118E-03
   9.800001E+01  2.325000E+02  8.131826E-03  8.738133E-03
   9.800001E+01  2.475000E+02  5.640996E-03  7.377778E-03
   9.800001E+01  2.625000E+02  4.029283E-03  5.751917E-03
   9.800001E+01  2.775000E+02  2.783868E-03  4.703330E-03
   9.800001E+01  2.925000E+02  4.615361E-03  6.604064E-03
   9.800001E+01  3.075000E+02  3.443206E-03  5.718296E-03
   9.800001E+01  3.225000E+02  4.615361E-03  6.604064E-03
   9.800001E+01  3.375000E+02  3.443206E-03  5.718296E-03
   9.800001E+01  3.525000E+02  4.542101E-03  6.600415E-03
    
   1.020000E+02  7.500001E+00  6.897575E-03  8.183819E-03
   1.020000E+02  2.250000E+01  1.386932E-02  1.157506E-02
   1.020000E+02  3.750000E+01  4.969221E-03  6.700651E-03
   1.020000E+02  5.250001E+01  1.142179E-02  1.056249E-02
   1.020000E+02  6.750001E+01  7.194245E-03  8.195864E-03
   1.020000E+02  8.250001E+01  7.194245E-03  8.195864E-03
   1.020000E+02  9.750001E+01  9.196767E-03  9.449660E-03
   1.020000E+02  1.125000E+02  9.196767E-03  9.449660E-03
   1.020000E+02  1.275000E+02  1.053178E-02  1.002891E-02
   1.020000E+02  1.425000E+02  7.268412E-03  8.198872E-03
   1.020000E+02  1.575000E+02  6.081733E-03  7.485698E-03
   1.020000E+02  1.725000E+02  1.142179E-02  1.056249E-02
   1.020000E+02  1.875000E+02  9.270934E-03  9.452267E-03
   1.020000E+02  2.025000E+02  1.349848E-02  1.156444E-02
   1.020000E+02  2.175000E+02  8.158422E-03  8.843623E-03
   1.020000E+02  2.325000E+02  7.935920E-03  8.835258E-03
   1.020000E+02  2.475000E+02  8.232590E-03  8.846409E-03
   1.020000E+02  2.625000E+02  9.048432E-03  9.444446E-03
   1.020000E+02  2.775000E+02  9.196767E-03  9.449660E-03
   1.020000E+02  2.925000E+02  1.164429E-02  1.056947E-02
   1.020000E+02  3.075000E+02  9.419269E-03  9.457477E-03
   1.020000E+02  3.225000E+02  5.933398E-03  7.479103E-03
   1.020000E+02  3.375000E+02  1.164429E-02  1.056947E-02
   1.020000E+02  3.525000E+02  1.142179E-02  1.056249E-02
    
   1.060000E+02  7.500001E+00  1.441483E-02  1.178702E-02
   1.060000E+02  2.250000E+01  1.494313E-02  1.224969E-02
   1.060000E+02  3.750000E+01  1.041491E-02  1.019509E-02
   1.060000E+02  5.250001E+01  1.486766E-02  1.224762E-02
   1.060000E+02  6.750001E+01  1.516954E-02  1.225592E-02
   1.060000E+02  8.250001E+01  1.396201E-02  1.177407E-02
   1.060000E+02  9.750001E+01  6.490448E-03  7.630598E-03
   1.060000E+02  1.125000E+02  1.841476E-02  1.358997E-02
   1.060000E+02  1.275000E+02  1.313184E-02  1.128290E-02
   1.060000E+02  1.425000E+02  1.433936E-02  1.178487E-02
   1.060000E+02  1.575000E+02  1.056585E-02  1.020009E-02
   1.060000E+02  1.725000E+02  1.305637E-02  1.128064E-02
   1.060000E+02  1.875000E+02  1.199978E-02  1.075988E-02
   1.060000E+02  2.025000E+02  1.305637E-02  1.128064E-02
   1.060000E+02  2.175000E+02  9.509262E-03  9.620960E-03
   1.060000E+02  2.325000E+02  1.086773E-02  1.021008E-02
   1.060000E+02  2.475000E+02  1.750912E-02  1.316484E-02
   1.060000E+02  2.625000E+02  9.660202E-03  9.626260E-03
   1.060000E+02  2.775000E+02  1.494313E-02  1.224969E-02
   1.060000E+02  2.925000E+02  1.079226E-02  1.020758E-02
   1.060000E+02  3.075000E+02  1.962229E-02  1.400944E-02
   1.060000E+02  3.225000E+02  1.411295E-02  1.177839E-02
   1.060000E+02  3.375000E+02  9.509262E-03  9.620960E-03
   1.060000E+02  3.525000E+02  9.509262E-03  9.620960E-03
    
   1.100000E+02  7.500001E+00  7.720263E-03  8.540652E-03
   1.100000E+02  2.250000E+01  1.482290E-02  1.205978E-02
   1.100000E+02  3.750000E+01  1.945506E-02  1.391718E-02
   1.100000E+02  5.250001E+01  1.335605E-02  1.153957E-02
   1.100000E+02  6.750001E+01  1.250683E-02  1.101411E-02
   1.100000E+02  8.250001E+01  1.080837E-02  1.043421E-02
   1.100000E+02  9.750001E+01  2.601729E-02  1.630286E-02
   1.100000E+02  1.125000E+02  2.246596E-02  1.515097E-02
   1.100000E+02  1.275000E+02  1.922345E-02  1.391146E-02
   1.100000E+02  1.425000E+02  1.405088E-02  1.203769E-02
   1.100000E+02  1.575000E+02  2.362400E-02  1.554387E-02
   1.100000E+02  1.725000E+02  7.951871E-03  8.550030E-03
   1.100000E+02  1.875000E+02  1.683017E-02  1.301351E-02
   1.100000E+02  2.025000E+02  1.683017E-02  1.301351E-02
   1.100000E+02  2.175000E+02  2.215715E-02  1.514397E-02
   1.100000E+02  2.325000E+02  1.428249E-02  1.204432E-02
   1.100000E+02  2.475000E+02  1.513172E-02  1.252662E-02
   1.100000E+02  2.625000E+02  1.906905E-02  1.390764E-02
   1.100000E+02  2.775000E+02  2.045870E-02  1.434026E-02
   1.100000E+02  2.925000E+02  1.420528E-02  1.204211E-02
   1.100000E+02  3.075000E+02  2.987742E-02  1.738452E-02
   1.100000E+02  3.225000E+02  2.478204E-02  1.592706E-02
   1.100000E+02  3.375000E+02  1.906905E-02  1.390764E-02
   1.100000E+02  3.525000E+02  7.951871E-03  8.550030E-03
    
   1.140000E+02  7.500001E+00  2.668253E-02  1.676781E-02
   1.140000E+02  2.250000E+01  2.350604E-02  1.559361E-02
   1.140000E+02  3.750000E+01  1.596187E-02  1.289607E-02
   1.140000E+02  5.250001E+01  2.525311E-02  1.600978E-02
   1.140000E+02  6.750001E+01  2.906490E-02  1.751217E-02
   1.140000E+02  8.250001E+01  2.334721E-02  1.559002E-02
   1.140000E+02  9.750001E+01  2.469722E-02  1.599753E-02
   1.140000E+02  1.125000E+02  1.969425E-02  1.430766E-02
   1.140000E+02  1.275000E+02  1.977366E-02  1.430962E-02
   1.140000E+02  1.425000E+02  2.318839E-02  1.558642E-02
   1.140000E+02  1.575000E+02  2.572958E-02  1.638805E-02
   1.140000E+02  1.725000E+02  2.080602E-02  1.474499E-02
   1.140000E+02  1.875000E+02  2.930314E-02  1.751696E-02
   1.140000E+02  2.025000E+02  1.993249E-02  1.431355E-02
   1.140000E+02  2.175000E+02  1.477069E-02  1.239132E-02
   1.140000E+02  2.325000E+02  2.358545E-02  1.559541E-02
   1.140000E+02  2.475000E+02  2.453840E-02  1.599402E-02
   1.140000E+02  2.625000E+02  2.549135E-02  1.638292E-02
   1.140000E+02  2.775000E+02  2.239427E-02  1.518079E-02
   1.140000E+02  2.925000E+02  2.001190E-02  1.431551E-02
   1.140000E+02  3.075000E+02  2.318839E-02  1.558642E-02
   1.140000E+02  3.225000E+02  2.668253E-02  1.676781E-02
   1.140000E+02  3.375000E+02  2.596782E-02  1.639318E-02
   1.140000E+02  3.525000E+02  2.342663E-02  1.559182E-02
    
   1.180000E+02  7.500001E+00  3.286571E-02  1.886406E-02
   1.180000E+02  2.250000E+01  2.308816E-02  1.570496E-02
   1.180000E+02  3.750000E+01  2.588174E-02  1.655916E-02
   1.180000E+02  5.250001E+01  2.875749E-02  1.773646E-02
   1.180000E+02  6.750001E+01  2.818234E-02  1.736097E-02
   1.180000E+02  8.250001E+01  2.522443E-02  1.654465E-02
   1.180000E+02  9.750001E+01  2.399197E-02  1.612655E-02
   1.180000E+02  1.125000E+02  2.768936E-02  1.735061E-02
   1.180000E+02  1.275000E+02  3.491981E-02  1.956695E-02
   1.180000E+02  1.425000E+02  2.777152E-02  1.735234E-02
   1.180000E+02  1.575000E+02  3.163324E-02  1.849855E-02
   1.180000E+02  1.725000E+02  3.993183E-02  2.091750E-02
   1.180000E+02  1.875000E+02  3.294787E-02  1.886564E-02
   1.180000E+02  2.025000E+02  2.440279E-02  1.613586E-02
   1.180000E+02  2.175000E+02  2.933264E-02  1.850251E-02
   1.180000E+02  2.325000E+02  4.872341E-02  2.309153E-02
   1.180000E+02  2.475000E+02  1.791181E-02  1.384986E-02
   1.180000E+02  2.625000E+02  2.555309E-02  1.655191E-02
   1.180000E+02  2.775000E+02  2.284167E-02  1.569922E-02
   1.180000E+02  2.925000E+02  3.376951E-02  1.921639E-02
   1.180000E+02  3.075000E+02  3.196190E-02  1.850501E-02
   1.180000E+02  3.225000E+02  2.662122E-02  1.695597E-02
   1.180000E+02  3.375000E+02  2.777152E-02  1.735234E-02
   1.180000E+02  3.525000E+02  2.645689E-02  1.695243E-02
    
   1.220000E+02  7.500001E+00  4.568133E-02  2.277906E-02
   1.220000E+02  2.250000E+01  2.378166E-02  1.634528E-02
   1.220000E+02  3.750000E+01  3.173740E-02  1.887329E-02
   1.220000E+02  5.250001E+01  3.926541E-02  2.109237E-02
   1.220000E+02  6.750001E+01  3.704122E-02  2.038489E-02
   1.220000E+02  8.250001E+01  2.746012E-02  1.764823E-02
   1.220000E+02  9.750001E+01  3.917986E-02  2.109083E-02
   1.220000E+02  1.125000E+02  3.661350E-02  2.037695E-02
   1.220000E+02  1.275000E+02  2.788785E-02  1.765744E-02
   1.220000E+02  1.425000E+02  2.891440E-02  1.806643E-02
   1.220000E+02  1.575000E+02  3.036867E-02  1.847516E-02
   1.220000E+02  1.725000E+02  3.045422E-02  1.847691E-02
   1.220000E+02  1.875000E+02  4.080523E-02  2.144487E-02
   1.220000E+02  2.025000E+02  3.062531E-02  1.848043E-02
   1.220000E+02  2.175000E+02  2.899994E-02  1.806823E-02
   1.220000E+02  2.325000E+02  2.643358E-02  1.722929E-02
   1.220000E+02  2.475000E+02  2.361057E-02  1.634130E-02
   1.220000E+02  2.625000E+02  4.029196E-02  2.143583E-02
   1.220000E+02  2.775000E+02  3.045422E-02  1.847691E-02
   1.220000E+02  2.925000E+02  3.447486E-02  1.964532E-02
   1.220000E+02  3.075000E+02  3.806777E-02  2.074009E-02
   1.220000E+02  3.225000E+02  4.337160E-02  2.212424E-02
   1.220000E+02  3.375000E+02  4.867542E-02  2.342653E-02
   1.220000E+02  3.525000E+02  2.917103E-02  1.807183E-02
    
   1.260000E+02  7.500001E+00  3.299956E-02  1.977843E-02
   1.260000E+02  2.250000E+01  3.927665E-02  2.137668E-02
   1.260000E+02  3.750000E+01  3.048872E-02  1.894182E-02
   1.260000E+02  5.250001E+01  4.806457E-02  2.388100E-02
   1.260000E+02  6.750001E+01  4.582275E-02  2.319774E-02
   1.260000E+02  8.250001E+01  3.837992E-02  2.136003E-02
   1.260000E+02  9.750001E+01  3.900763E-02  2.137169E-02
   1.260000E+02  1.125000E+02  2.752952E-02  1.805656E-02
   1.260000E+02  1.275000E+02  2.537738E-02  1.714430E-02
   1.260000E+02  1.425000E+02  4.393963E-02  2.283523E-02
   1.260000E+02  1.575000E+02  3.407563E-02  2.023390E-02
   1.260000E+02  1.725000E+02  3.595876E-02  2.058965E-02
   1.260000E+02  1.875000E+02  4.277388E-02  2.247948E-02
   1.260000E+02  2.025000E+02  3.595876E-02  2.058965E-02
   1.260000E+02  2.175000E+02  3.560007E-02  2.058273E-02
   1.260000E+02  2.325000E+02  4.779555E-02  2.387655E-02
   1.260000E+02  2.475000E+02  4.376028E-02  2.283212E-02
   1.260000E+02  2.625000E+02  2.896429E-02  1.850353E-02
   1.260000E+02  2.775000E+02  4.169781E-02  2.211961E-02
   1.260000E+02  2.925000E+02  4.645046E-02  2.353357E-02
   1.260000E+02  3.075000E+02  5.443133E-02  2.552084E-02
   1.260000E+02  3.225000E+02  3.900763E-02  2.137169E-02
   1.260000E+02  3.375000E+02  3.640712E-02  2.059829E-02
   1.260000E+02  3.525000E+02  4.707817E-02  2.354411E-02
    
   1.300000E+02  7.500001E+00  5.502247E-02  2.627708E-02
   1.300000E+02  2.250000E+01  4.346870E-02  2.335027E-02
   1.300000E+02  3.750000E+01  5.000321E-02  2.486963E-02
   1.300000E+02  5.250001E+01  3.930177E-02  2.215610E-02
   1.300000E+02  6.750001E+01  3.068379E-02  1.954356E-02
   1.300000E+02  8.250001E+01  5.038202E-02  2.521438E-02
   1.300000E+02  9.750001E+01  5.076084E-02  2.522065E-02
   1.300000E+02  1.125000E+02  4.223756E-02  2.296201E-02
   1.300000E+02  1.275000E+02  2.973676E-02  1.908410E-02
   1.300000E+02  1.425000E+02  2.774799E-02  1.858971E-02
   1.300000E+02  1.575000E+02  3.968058E-02  2.216326E-02
   1.300000E+02  1.725000E+02  3.532424E-02  2.089745E-02
   1.300000E+02  1.875000E+02  3.778652E-02  2.174101E-02
   1.300000E+02  2.025000E+02  3.939647E-02  2.221247E-02
   1.300000E+02  2.175000E+02  4.346870E-02  2.335027E-02
   1.300000E+02  2.325000E+02  5.085554E-02  2.522222E-02
   1.300000E+02  2.475000E+02  4.375281E-02  2.335536E-02
   1.300000E+02  2.625000E+02  4.583628E-02  2.410636E-02
   1.300000E+02  2.775000E+02  5.417015E-02  2.593886E-02
   1.300000E+02  2.925000E+02  5.085554E-02  2.522222E-02
   1.300000E+02  3.075000E+02  5.227609E-02  2.557920E-02
   1.300000E+02  3.225000E+02  4.214286E-02  2.296028E-02
   1.300000E+02  3.375000E+02  5.407544E-02  2.593734E-02
   1.300000E+02  3.525000E+02  5.615891E-02  2.661544E-02
    
   1.340000E+02  7.500001E+00  4.054244E-02  2.315842E-02
   1.340000E+02  2.250000E+01  4.568589E-02  2.446573E-02
   1.340000E+02  3.750000E+01  5.214041E-02  2.646572E-02
   1.340000E+02  5.250001E+01  6.424263E-02  2.941010E-02
   1.340000E+02  6.750001E+01  3.711348E-02  2.224412E-02
   1.340000E+02  8.250001E+01  5.072848E-02  2.607595E-02
   1.340000E+02  9.750001E+01  5.748556E-02  2.761976E-02
   1.340000E+02  1.125000E+02  4.598844E-02  2.486091E-02
   1.340000E+02  1.275000E+02  4.387056E-02  2.403601E-02
   1.340000E+02  1.425000E+02  4.467737E-02  2.444735E-02
   1.340000E+02  1.575000E+02  6.010770E-02  2.834824E-02
   1.340000E+02  1.725000E+02  4.134926E-02  2.358509E-02
   1.340000E+02  1.875000E+02  4.508078E-02  2.445470E-02
   1.340000E+02  2.025000E+02  4.487907E-02  2.445102E-02
   1.340000E+02  2.175000E+02  4.054244E-02  2.315842E-02
   1.340000E+02  2.325000E+02  5.234211E-02  2.646910E-02
   1.340000E+02  2.475000E+02  5.133359E-02  2.608627E-02
   1.340000E+02  2.625000E+02  4.467737E-02  2.444735E-02
   1.340000E+02  2.775000E+02  5.214041E-02  2.646572E-02
   1.340000E+02  2.925000E+02  4.457652E-02  2.444551E-02
   1.340000E+02  3.075000E+02  4.316459E-02  2.402291E-02
   1.340000E+02  3.225000E+02  4.074415E-02  2.316231E-02
   1.340000E+02  3.375000E+02  4.447567E-02  2.444367E-02
   1.340000E+02  3.525000E+02  4.608930E-02  2.486272E-02
    
   1.380000E+02  7.500001E+00  4.672877E-02  2.583154E-02
   1.380000E+02  2.250000E+01  4.022361E-02  2.391978E-02
   1.380000E+02  3.750000E+01  5.171606E-02  2.717897E-02
   1.380000E+02  5.250001E+01  5.984752E-02  2.928398E-02
   1.380000E+02  6.750001E+01  6.136539E-02  2.968528E-02
   1.380000E+02  8.250001E+01  4.629509E-02  2.582349E-02
   1.380000E+02  9.750001E+01  5.757071E-02  2.886453E-02
   1.380000E+02  1.125000E+02  3.393528E-02  2.184576E-02
   1.380000E+02  1.275000E+02  4.781297E-02  2.627783E-02
   1.380000E+02  1.425000E+02  4.651193E-02  2.582751E-02
   1.380000E+02  1.575000E+02  5.865491E-02  2.888246E-02
   1.380000E+02  1.725000E+02  4.792138E-02  2.627981E-02
   1.380000E+02  1.875000E+02  6.602743E-02  3.085949E-02
   1.380000E+02  2.025000E+02  6.342536E-02  3.008981E-02
   1.380000E+02  2.175000E+02  5.160765E-02  2.717706E-02
   1.380000E+02  2.325000E+02  5.789597E-02  2.886991E-02
   1.380000E+02  2.475000E+02  5.789597E-02  2.886991E-02
   1.380000E+02  2.625000E+02  6.006436E-02  2.928751E-02
   1.380000E+02  2.775000E+02  5.345078E-02  2.761473E-02
   1.380000E+02  2.925000E+02  4.716245E-02  2.583959E-02
   1.380000E+02  3.075000E+02  4.445196E-02  2.491287E-02
   1.380000E+02  3.225000E+02  6.320852E-02  3.008637E-02
   1.380000E+02  3.375000E+02  3.805522E-02  2.340628E-02
   1.380000E+02  3.525000E+02  5.518549E-02  2.804369E-02
    
   1.420000E+02  7.500001E+00  5.467566E-02  2.906442E-02
   1.420000E+02  2.250000E+01  6.657704E-02  3.226151E-02
   1.420000E+02  3.750000E+01  5.762154E-02  3.000485E-02
   1.420000E+02  5.250001E+01  5.773938E-02  3.000690E-02
   1.420000E+02  6.750001E+01  5.773938E-02  3.000690E-02
   1.420000E+02  8.250001E+01  4.560233E-02  2.653423E-02
   1.420000E+02  9.750001E+01  4.253860E-02  2.546328E-02
   1.420000E+02  1.125000E+02  3.723601E-02  2.375083E-02
   1.420000E+02  1.275000E+02  4.348129E-02  2.599244E-02
   1.420000E+02  1.425000E+02  5.620752E-02  2.953942E-02
   1.420000E+02  1.575000E+02  4.748769E-02  2.706061E-02
   1.420000E+02  1.725000E+02  6.386682E-02  3.139280E-02
   1.420000E+02  1.875000E+02  6.422033E-02  3.181380E-02
   1.420000E+02  2.025000E+02  6.386682E-02  3.139280E-02
   1.420000E+02  2.175000E+02  6.492734E-02  3.182532E-02
   1.420000E+02  2.325000E+02  5.243678E-02  2.856862E-02
   1.420000E+02  2.475000E+02  6.351332E-02  3.138696E-02
   1.420000E+02  2.625000E+02  6.693055E-02  3.226719E-02
   1.420000E+02  2.775000E+02  4.701635E-02  2.705152E-02
   1.420000E+02  2.925000E+02  5.561834E-02  2.952904E-02
   1.420000E+02  3.075000E+02  5.361514E-02  2.904541E-02
   1.420000E+02  3.225000E+02  5.008007E-02  2.806184E-02
   1.420000E+02  3.375000E+02  4.937306E-02  2.757692E-02
   1.420000E+02  3.525000E+02  5.078709E-02  2.807497E-02
    
   1.460000E+02  7.500001E+00  7.368935E-02  3.552560E-02
   1.460000E+02  2.250000E+01  4.748293E-02  2.860939E-02
   1.460000E+02  3.750000E+01  8.471680E-02  3.828180E-02
   1.460000E+02  5.250001E+01  6.175375E-02  3.252010E-02
   1.460000E+02  6.750001E+01  5.422913E-02  3.035925E-02
   1.460000E+02  8.250001E+01  6.408898E-02  3.304605E-02
   1.460000E+02  9.750001E+01  4.968842E-02  2.920351E-02
   1.460000E+02  1.125000E+02  5.137497E-02  2.977574E-02
   1.460000E+02  1.275000E+02  8.718176E-02  3.873125E-02
   1.460000E+02  1.425000E+02  6.966757E-02  3.455219E-02
   1.460000E+02  1.575000E+02  5.980773E-02  3.199244E-02
   1.460000E+02  1.725000E+02  9.483612E-02  4.044800E-02
   1.460000E+02  1.875000E+02  7.887874E-02  3.692449E-02
   1.460000E+02  2.025000E+02  6.188348E-02  3.252238E-02
   1.460000E+02  2.175000E+02  7.174333E-02  3.504334E-02
   1.460000E+02  2.325000E+02  6.110508E-02  3.250867E-02
   1.460000E+02  2.475000E+02  6.318083E-02  3.303032E-02
   1.460000E+02  2.625000E+02  4.164486E-02  2.676456E-02
   1.460000E+02  2.775000E+02  7.070545E-02  3.502643E-02
   1.460000E+02  2.925000E+02  8.510601E-02  3.828758E-02
   1.460000E+02  3.075000E+02  4.216380E-02  2.677573E-02
   1.460000E+02  3.225000E+02  4.955868E-02  2.920095E-02
   1.460000E+02  3.375000E+02  4.203406E-02  2.677294E-02
   1.460000E+02  3.525000E+02  8.095450E-02  3.738440E-02
    
   1.500000E+02  7.500001E+00  6.210003E-02  3.456127E-02
   1.500000E+02  2.250000E+01  5.760213E-02  3.330356E-02
   1.500000E+02  3.750000E+01  7.530354E-02  3.808057E-02
   1.500000E+02  5.250001E+01  7.936616E-02  3.917779E-02
   1.500000E+02  6.750001E+01  5.310423E-02  3.199634E-02
   1.500000E+02  8.250001E+01  6.471172E-02  3.517984E-02
   1.500000E+02  9.750001E+01  5.368461E-02  3.200801E-02
   1.500000E+02  1.125000E+02  4.251241E-02  2.848110E-02
   1.500000E+02  1.275000E+02  6.137457E-02  3.454780E-02
   1.500000E+02  1.425000E+02  6.674303E-02  3.577729E-02
   1.500000E+02  1.575000E+02  5.150820E-02  3.133565E-02
   1.500000E+02  1.725000E+02  5.629629E-02  3.267507E-02
   1.500000E+02  1.875000E+02  5.049255E-02  3.131478E-02
   1.500000E+02  2.025000E+02  8.836196E-02  4.129807E-02
   1.500000E+02  2.175000E+02  6.180985E-02  3.455588E-02
   1.500000E+02  2.325000E+02  6.891943E-02  3.636746E-02
   1.500000E+02  2.475000E+02  6.224513E-02  3.456397E-02
   1.500000E+02  2.625000E+02  6.746849E-02  3.579029E-02
   1.500000E+02  2.775000E+02  6.224513E-02  3.456397E-02
   1.500000E+02  2.925000E+02  7.022527E-02  3.693310E-02
   1.500000E+02  3.075000E+02  7.095074E-02  3.694567E-02
   1.500000E+02  3.225000E+02  7.037036E-02  3.693561E-02
   1.500000E+02  3.375000E+02  3.641848E-02  2.615217E-02
   1.500000E+02  3.525000E+02  4.410843E-02  2.920653E-02
    
   1.540000E+02  7.500001E+00  6.073544E-02  3.649791E-02
   1.540000E+02  2.250000E+01  5.709463E-02  3.497466E-02
   1.540000E+02  3.750000E+01  3.359481E-02  2.688393E-02
   1.540000E+02  5.250001E+01  7.116142E-02  3.942625E-02
   1.540000E+02  6.750001E+01  8.572469E-02  4.343139E-02
   1.540000E+02  8.250001E+01  7.331281E-02  4.011659E-02
   1.540000E+02  9.750001E+01  6.404528E-02  3.726548E-02
   1.540000E+02  1.125000E+02  9.532320E-02  4.590556E-02
   1.540000E+02  1.275000E+02  4.683414E-02  3.163994E-02
   1.540000E+02  1.425000E+02  6.586569E-02  3.798878E-02
   1.540000E+02  1.575000E+02  8.655214E-02  4.344528E-02
   1.540000E+02  1.725000E+02  8.853804E-02  4.406984E-02
   1.540000E+02  1.875000E+02  1.004534E-01  4.709890E-02
   1.540000E+02  2.025000E+02  8.026346E-02  4.212825E-02
   1.540000E+02  2.175000E+02  7.529871E-02  4.079225E-02
   1.540000E+02  2.325000E+02  3.657366E-02  2.790891E-02
   1.540000E+02  2.475000E+02  7.596068E-02  4.080412E-02
   1.540000E+02  2.625000E+02  7.298183E-02  4.011055E-02
   1.540000E+02  2.775000E+02  5.874954E-02  3.574101E-02
   1.540000E+02  2.925000E+02  9.615066E-02  4.591867E-02
   1.540000E+02  3.075000E+02  9.648165E-02  4.592392E-02
   1.540000E+02  3.225000E+02  7.562969E-02  4.079819E-02
   1.540000E+02  3.375000E+02  6.570019E-02  3.798558E-02
   1.540000E+02  3.525000E+02  6.321782E-02  3.724919E-02
    
   1.580000E+02  7.500001E+00  5.073925E-02  3.595832E-02
   1.580000E+02  2.250000E+01  7.862647E-02  4.448501E-02
   1.580000E+02  3.750000E+01  5.054559E-02  3.595367E-02
   1.580000E+02  5.250001E+01  7.727084E-02  4.445887E-02
   1.580000E+02  6.750001E+01  5.945401E-02  3.899577E-02
   1.580000E+02  8.250001E+01  7.649620E-02  4.444392E-02
   1.580000E+02  9.750001E+01  5.209488E-02  3.599081E-02
   1.580000E+02  1.125000E+02  6.448920E-02  4.087911E-02
   1.580000E+02  1.275000E+02  5.616176E-02  3.800152E-02
   1.580000E+02  1.425000E+02  7.455958E-02  4.360109E-02
   1.580000E+02  1.575000E+02  5.713007E-02  3.802347E-02
   1.580000E+02  1.725000E+02  8.230603E-02  4.611931E-02
   1.580000E+02  1.875000E+02  8.540461E-02  4.693807E-02
   1.580000E+02  2.025000E+02  9.179544E-02  4.853747E-02
   1.580000E+02  2.175000E+02  8.908418E-02  4.775316E-02
   1.580000E+02  2.325000E+02  6.429554E-02  4.087504E-02
   1.580000E+02  2.475000E+02  6.836242E-02  4.181680E-02
   1.580000E+02  2.625000E+02  6.758778E-02  4.180088E-02
   1.580000E+02  2.775000E+02  7.436592E-02  4.359728E-02
   1.580000E+02  2.925000E+02  7.378494E-02  4.358584E-02
   1.580000E+02  3.075000E+02  4.822165E-02  3.489661E-02
   1.580000E+02  3.225000E+02  7.688352E-02  4.445139E-02
   1.580000E+02  3.375000E+02  6.487652E-02  4.088726E-02
   1.580000E+02  3.525000E+02  3.350340E-02  2.894678E-02
    
   1.620000E+02  7.500001E+00  8.216823E-02  5.067805E-02
   1.620000E+02  2.250000E+01  7.160374E-02  4.726235E-02
   1.620000E+02  3.750000E+01  6.221309E-02  4.360745E-02
   1.620000E+02  5.250001E+01  5.728299E-02  4.227447E-02
   1.620000E+02  6.750001E+01  7.582954E-02  4.844291E-02
   1.620000E+02  8.250001E+01  8.263776E-02  5.068770E-02
   1.620000E+02  9.750001E+01  8.615926E-02  5.177591E-02
   1.620000E+02  1.125000E+02  6.150879E-02  4.359057E-02
   1.620000E+02  1.275000E+02  7.582954E-02  4.844291E-02
   1.620000E+02  1.425000E+02  7.136898E-02  4.725717E-02
   1.620000E+02  1.575000E+02  4.084935E-02  3.509783E-02
   1.620000E+02  1.725000E+02  1.148008E-01  5.977938E-02
   1.620000E+02  1.875000E+02  6.174355E-02  4.359620E-02
   1.620000E+02  2.025000E+02  6.197832E-02  4.360183E-02
   1.620000E+02  2.175000E+02  6.150879E-02  4.359057E-02
   1.620000E+02  2.325000E+02  9.648898E-02  5.490661E-02
   1.620000E+02  2.475000E+02  5.000524E-02  3.954185E-02
   1.620000E+02  2.625000E+02  6.479552E-02  4.484613E-02
   1.620000E+02  2.775000E+02  5.822206E-02  4.229770E-02
   1.620000E+02  2.925000E+02  6.503028E-02  4.485160E-02
   1.620000E+02  3.075000E+02  8.615926E-02  5.177591E-02
   1.620000E+02  3.225000E+02  8.522019E-02  5.175702E-02
   1.620000E+02  3.375000E+02  6.432598E-02  4.483519E-02
   1.620000E+02  3.525000E+02  8.639402E-02  5.178063E-02
    
   1.660000E+02  7.500001E+00  9.686028E-02  6.187818E-02
   1.660000E+02  2.250000E+01  6.357393E-02  5.050053E-02
   1.660000E+02  3.750000E+01  8.276606E-02  5.728386E-02
   1.660000E+02  5.250001E+01  6.987135E-02  5.231740E-02
   1.660000E+02  6.750001E+01  5.577713E-02  4.679216E-02
   1.660000E+02  8.250001E+01  4.078328E-02  4.048972E-02
   1.660000E+02  9.750001E+01  9.596065E-02  6.185880E-02
   1.660000E+02  1.125000E+02  1.055567E-01  6.474554E-02
   1.660000E+02  1.275000E+02  7.316999E-02  5.399897E-02
   1.660000E+02  1.425000E+02  8.246618E-02  5.727688E-02
   1.660000E+02  1.575000E+02  3.298647E-02  3.575691E-02
   1.660000E+02  1.725000E+02  8.816385E-02  5.887109E-02
   1.660000E+02  1.875000E+02  6.447356E-02  5.052436E-02
   1.660000E+02  2.025000E+02  8.786397E-02  5.886429E-02
   1.660000E+02  2.175000E+02  5.967553E-02  4.868170E-02
   1.660000E+02  2.325000E+02  1.097550E-01  6.612953E-02
   1.660000E+02  2.475000E+02  6.447356E-02  5.052436E-02
   1.660000E+02  2.625000E+02  7.766815E-02  5.565850E-02
   1.660000E+02  2.775000E+02  9.176237E-02  6.037683E-02
   1.660000E+02  2.925000E+02  8.276606E-02  5.728386E-02
   1.660000E+02  3.075000E+02  6.117491E-02  4.872291E-02
   1.660000E+02  3.225000E+02  8.186643E-02  5.726290E-02
   1.660000E+02  3.375000E+02  7.346987E-02  5.400639E-02
   1.660000E+02  3.525000E+02  1.013584E-01  6.333127E-02
    
   1.700000E+02  7.500001E+00  8.230280E-02  6.779907E-02
   1.700000E+02  2.250000E+01  5.807152E-02  5.645073E-02
   1.700000E+02  3.750000E+01  1.215742E-01  8.198923E-02
   1.700000E+02  5.250001E+01  8.397392E-02  6.784502E-02
   1.700000E+02  6.750001E+01  8.272058E-02  6.781056E-02
   1.700000E+02  8.250001E+01  7.687165E-02  6.516567E-02
   1.700000E+02  9.750001E+01  8.856951E-02  7.035600E-02
   1.700000E+02  1.125000E+02  8.313836E-02  6.782205E-02
   1.700000E+02  1.275000E+02  5.096924E-02  5.319997E-02
   1.700000E+02  1.425000E+02  8.397392E-02  6.784502E-02
   1.700000E+02  1.575000E+02  7.561831E-02  6.512977E-02
   1.700000E+02  1.725000E+02  5.138703E-02  5.321466E-02
   1.700000E+02  1.875000E+02  6.350267E-02  5.947158E-02
   1.700000E+02  2.025000E+02  6.350267E-02  5.947158E-02
   1.700000E+02  2.175000E+02  8.313836E-02  6.782205E-02
   1.700000E+02  2.325000E+02  8.272058E-02  6.781056E-02
   1.700000E+02  2.475000E+02  8.272058E-02  6.781056E-02
   1.700000E+02  2.625000E+02  7.687165E-02  6.516567E-02
   1.700000E+02  2.775000E+02  5.138703E-02  5.321466E-02
   1.700000E+02  2.925000E+02  5.096924E-02  5.319997E-02
   1.700000E+02  3.075000E+02  8.940507E-02  7.037814E-02
   1.700000E+02  3.225000E+02  3.885360E-02  4.609894E-02
   1.700000E+02  3.375000E+02  1.086230E-01  7.755196E-02
   1.700000E+02  3.525000E+02  1.019385E-01  7.522993E-02
    
   1.740000E+02  7.500001E+00  3.192584E-02  5.413344E-02
   1.740000E+02  2.250000E+01  5.482917E-02  6.995664E-02
   1.740000E+02  3.750000E+01  5.413513E-02  6.992574E-02
   1.740000E+02  5.250001E+01  9.369541E-02  9.368703E-02
   1.740000E+02  6.750001E+01  4.303049E-02  6.253032E-02
   1.740000E+02  8.250001E+01  6.523977E-02  7.661026E-02
   1.740000E+02  9.750001E+01  8.467289E-02  8.837869E-02
   1.740000E+02  1.125000E+02  4.372453E-02  6.256489E-02
   1.740000E+02  1.275000E+02  7.565037E-02  8.273026E-02
   1.740000E+02  1.425000E+02  4.511261E-02  6.263397E-02
   1.740000E+02  1.575000E+02  7.426229E-02  8.267807E-02
   1.740000E+02  1.725000E+02  3.331392E-02  5.421332E-02
   1.740000E+02  1.875000E+02  1.381140E-01  1.126697E-01
   1.740000E+02  2.025000E+02  5.621725E-02  7.001838E-02
   1.740000E+02  2.175000E+02  1.388080E-01  1.126888E-01
   1.740000E+02  2.325000E+02  1.165987E-01  1.036352E-01
   1.740000E+02  2.475000E+02  1.159047E-01  1.036144E-01
   1.740000E+02  2.625000E+02  4.164241E-02  6.246112E-02
   1.740000E+02  2.775000E+02  7.565037E-02  8.273026E-02
   1.740000E+02  2.925000E+02  2.220928E-02  4.426549E-02
   1.740000E+02  3.075000E+02  9.438945E-02  9.371004E-02
   1.740000E+02  3.225000E+02  3.192584E-02  5.413344E-02
   1.740000E+02  3.375000E+02  9.855369E-02  9.384795E-02
   1.740000E+02  3.525000E+02  8.536693E-02  8.840309E-02
    
   1.780000E+02  7.500001E+00  3.949628E-02  9.437017E-02
   1.780000E+02  2.250000E+01  6.652005E-02  1.325816E-01
   1.780000E+02  3.750000E+01  3.326002E-02  9.375040E-02
   1.780000E+02  5.250001E+01  6.444130E-02  1.324350E-01
   1.780000E+02  6.750001E+01  3.118127E-02  9.354289E-02
   1.780000E+02  8.250001E+01  6.444130E-02  1.324350E-01
   1.780000E+02  9.750001E+01  9.354382E-02  1.620178E-01
   1.780000E+02  1.125000E+02  1.247251E-01  1.870802E-01
   1.780000E+02  1.275000E+02  9.354382E-02  1.620178E-01
   1.780000E+02  1.425000E+02  1.870876E-01  2.291209E-01
   1.780000E+02  1.575000E+02  2.182689E-01  2.474764E-01
   1.780000E+02  1.725000E+02  3.118127E-02  9.354289E-02
   1.780000E+02  1.875000E+02  1.268038E-01  1.871839E-01
   1.780000E+02  2.025000E+02  9.354382E-02  1.620178E-01
   1.780000E+02  2.175000E+02  3.326002E-02  9.375040E-02
   1.780000E+02  2.325000E+02  1.288826E-01  1.872875E-01
   1.780000E+02  2.475000E+02  6.444130E-02  1.324350E-01
   1.780000E+02  2.625000E+02  9.354382E-02  1.620178E-01
   1.780000E+02  2.775000E+02  6.859880E-02  1.327280E-01
   1.780000E+02  2.925000E+02  9.354382E-02  1.620178E-01
   1.780000E+02  3.075000E+02  1.579851E-01  2.092526E-01
   1.780000E+02  3.225000E+02  3.118127E-02  9.354289E-02
   1.780000E+02  3.375000E+02  6.652005E-02  1.325816E-01
   1.780000E+02  3.525000E+02  1.288826E-01  1.872875E-01
    
