

 One-dimensional plot values
 Input line #      88
  X (Microns)   Y (Microns)  Distance (Microns) Photogeneration (pairs/cm^3)  
     22.50000       0.35000       0.35000        4.309216E+02
     22.50000       0.35167       0.35167        3.252721E+02
     22.50000       0.35333       0.35333        2.300020E+02
     22.50000       0.35500       0.35500        2.300020E+02
     22.50000       0.35667       0.35667        2.300020E+02
     22.50000       0.35833       0.35833        2.300022E+02
     22.50000       0.36000       0.36000        2.300026E+02
     22.50000       0.36167       0.36167        2.300023E+02
     22.50000       0.36333       0.36333        2.300020E+02
     22.50000       0.36500       0.36500        2.300020E+02
     22.50000       0.36667       0.36667        2.300020E+02
     22.50000       0.36833       0.36833        2.300020E+02
     22.50000       0.37000       0.37000        2.300020E+02
     22.50000       0.37167       0.37167        2.300020E+02
     22.50000       0.37333       0.37333        2.300020E+02
     22.50000       0.37500       0.37500        2.300020E+02
     22.50000       0.37667       0.37667        2.300020E+02
     22.50000       0.37833       0.37833        2.300020E+02
     22.50000       0.38000       0.38000        2.300020E+02
     22.50000       0.38167       0.38167        2.300020E+02
     22.50000       0.38333       0.38333        2.300020E+02
     22.50000       0.38500       0.38500        2.300022E+02
     22.50000       0.38667       0.38667        2.300026E+02
     22.50000       0.38833       0.38833        2.300023E+02
     22.50000       0.39000       0.39000        2.300020E+02
     22.50000       0.39167       0.39167        2.300020E+02
     22.50000       0.39333       0.39333        2.300020E+02
     22.50000       0.39500       0.39500        2.300020E+02
     22.50000       0.39667       0.39667        2.300020E+02
     22.50000       0.39833       0.39833        2.299435E+02
     22.50000       0.40000       0.40000        2.271707E+02
     22.50000       2.89999       2.89999        2.272275E+02
     22.50000       5.40000       5.40000        2.299998E+02
     22.50000       7.89999       7.89999        2.299998E+02
     22.50000      10.40000      10.40000        2.299998E+02
     22.50000      12.89999      12.89999        2.299998E+02
     22.50000      15.40000      15.40000        2.299998E+02
     22.50000      17.89999      17.89999        2.299998E+02
     22.50000      20.40000      20.40000        2.299998E+02
     22.50000      22.89999      22.89999        2.299998E+02
     22.50000      25.40000      25.40000        2.299998E+02
     22.50000      27.89999      27.89999        2.299998E+02
     22.50000      30.40000      30.40000        2.299998E+02
     22.50000      32.89999      32.89999        2.299998E+02
     22.50000      35.40000      35.40000        2.299998E+02
     22.50000      37.89999      37.89999        2.299998E+02
     22.50000      40.40000      40.40000        2.299998E+02
     22.50000      42.90000      42.90000        2.299998E+02
     22.50000      45.40000      45.40000        2.299998E+02
     22.50000      47.89999      47.89999        2.299998E+02
     22.50000      50.40000      50.40000        2.299998E+02
     22.50000      52.89999      52.89999        2.299998E+02
     22.50000      55.40000      55.40000        2.299998E+02
     22.50000      57.89999      57.89999        2.299998E+02
     22.50000      60.40000      60.40000        2.299998E+02
     22.50000      62.89999      62.89999        2.299998E+02
     22.50000      65.40000      65.40000        2.299998E+02
     22.50000      67.90000      67.89999        2.299998E+02
     22.50000      70.40000      70.40000        2.299998E+02
     22.50000      72.89999      72.89999        2.299998E+02
     22.50000      75.40000      75.39999        2.299998E+02
     22.50000      77.89999      77.89999        2.299998E+02
     22.50000      80.40000      80.39999        2.299998E+02
     22.50000      82.89999      82.89999        2.299998E+02
     22.50000      85.40000      85.40000        2.299998E+02
     22.50000      87.89999      87.89999        2.299997E+02
     22.50000      90.40000      90.40000        2.299996E+02
     22.50000      92.89999      92.89999        2.299996E+02
     22.50000      95.40000      95.40000        2.299996E+02
     22.50000      97.90000      97.89999        2.299997E+02
     22.50000     100.40000     100.40000        2.299998E+02
     22.50000     102.90000     102.89999        2.299998E+02
     22.50000     105.40000     105.40000        2.299998E+02
     22.50000     107.89999     107.89999        2.299998E+02
     22.50000     110.39999     110.39999        2.299998E+02
     22.50000     112.89999     112.89999        2.299998E+02
     22.50000     115.39999     115.39999        2.299998E+02
     22.50000     117.89999     117.89999        2.299998E+02
     22.50000     120.39999     120.39999        2.299998E+02
     22.50000     122.89999     122.89999        2.299998E+02
     22.50000     125.40000     125.39999        2.299998E+02
     22.50000     127.89999     127.89999        2.299998E+02
     22.50000     130.40000     130.39999        2.299998E+02
     22.50000     132.89999     132.89999        2.299998E+02
     22.50000     135.40000     135.39999        2.299998E+02
     22.50000     137.89999     137.89999        2.299998E+02
     22.50000     140.40000     140.39999        2.299998E+02
     22.50000     142.89999     142.89999        2.299998E+02
     22.50000     145.40000     145.39999        2.299998E+02
     22.50000     147.89999     147.89999        2.299998E+02
     22.50000     150.40000     150.39999        2.299998E+02
     22.50000     152.90000     152.89999        2.299998E+02
     22.50000     155.40000     155.39999        2.299998E+02
     22.50000     157.89999     157.89999        2.299998E+02
     22.50000     160.39999     160.39999        2.299998E+02
     22.50000     162.90000     162.89999        2.299998E+02
     22.50000     165.40000     165.40001        2.299998E+02
     22.50000     167.89999     167.89999        2.299998E+02
     22.50000     170.39999     170.39999        2.299998E+02
     22.50000     172.90000     172.89999        2.299998E+02
     22.50000     175.40000     175.40001        2.299998E+02
     22.50000     177.89999     177.89999        2.299998E+02
     22.50000     180.40000     180.39999        2.299998E+02
     22.50000     182.89998     182.89998        2.299998E+02
     22.50000     185.39999     185.39999        2.299998E+02
     22.50000     187.89999     187.89999        2.299998E+02
     22.50000     190.40000     190.39999        2.299998E+02
     22.50000     192.89998     192.89998        2.299998E+02
     22.50000     195.39999     195.39999        2.299998E+02
     22.50000     197.89999     197.89999        2.299998E+02
     22.50000     200.40000     200.39999        2.299998E+02
     22.50000     202.89999     202.89998        2.299998E+02
     22.50000     205.39999     205.39999        2.299998E+02
     22.50000     207.90000     207.89999        2.299998E+02
     22.50000     210.40000     210.39999        2.299998E+02
     22.50000     212.89999     212.89999        2.299998E+02
     22.50000     215.39999     215.39999        2.299998E+02
     22.50000     217.90000     217.89999        2.299998E+02
     22.50000     220.40000     220.40001        2.299998E+02
     22.50000     222.89999     222.89999        2.299998E+02
     22.50000     225.39999     225.39999        2.299998E+02
     22.50000     227.90000     227.89999        2.299998E+02
     22.50000     230.40000     230.40001        2.299998E+02
     22.50000     232.89999     232.89999        2.299998E+02
     22.50000     235.39999     235.39999        2.299998E+02
     22.50000     237.89998     237.89998        2.299998E+02
     22.50000     240.39999     240.39999        2.299998E+02
     22.50000     242.89999     242.89999        2.299998E+02
     22.50000     245.40000     245.39999        2.299998E+02
     22.50000     247.89998     247.89998        2.280114E+02
     22.50000     250.39999     250.39999        2.293157E+02
     22.50000     250.40165     250.40164        2.070136E+02
     22.50000     250.40498     250.40498        1.841332E+02
     22.50000     250.40831     250.40831        1.839617E+02
     22.50000     250.41165     250.41165        1.841332E+02
     22.50000     250.41498     250.41498        1.839617E+02
     22.50000     250.41832     250.41832        1.841332E+02
     22.50000     250.42165     250.42165        1.839617E+02
     22.50000     250.42498     250.42499        1.841332E+02
     22.50000     250.42832     250.42831        1.839617E+02
     22.50000     250.43165     250.43166        1.841332E+02
     22.50000     250.43499     250.43498        1.839617E+02
     22.50000     250.43832     250.43832        1.841332E+02
     22.50000     250.44166     250.44165        1.839617E+02
     22.50000     250.44499     250.44499        1.841332E+02
     22.50000     250.44832     250.44832        9.067926E+01
